Time	Node	AppId	SeqNo	Type	DelayS	DelayUS	RetxCount	HopCount
1.01394	0	1	0	LastDelay	0.013937	13937	1	6
1.01394	0	1	0	FullDelay	0.013937	13937	1	6
1.02849	0	1	1	LastDelay	0.0216678	21667.8	1	6
1.02849	0	1	1	FullDelay	0.0216678	21667.8	1	6
1.06058	0	1	3	LastDelay	0.0400983	40098.3	1	6
1.06058	0	1	3	FullDelay	0.0400983	40098.3	1	6
1.07177	0	1	4	LastDelay	0.0444664	44466.4	1	6
1.07177	0	1	4	FullDelay	0.0444664	44466.4	1	6
1.08089	0	1	5	LastDelay	0.0467578	46757.8	1	6
1.08089	0	1	5	FullDelay	0.0467578	46757.8	1	6
1.09175	0	1	6	LastDelay	0.0507921	50792.1	1	6
1.09175	0	1	6	FullDelay	0.0507921	50792.1	1	6
1.10535	0	1	7	LastDelay	0.0575669	57566.9	1	6
1.10535	0	1	7	FullDelay	0.0575669	57566.9	1	6
1.11993	0	1	8	LastDelay	0.0653196	65319.6	1	6
1.11993	0	1	8	FullDelay	0.0653196	65319.6	1	6
1.12987	0	1	9	LastDelay	0.0684296	68429.6	1	6
1.12987	0	1	9	FullDelay	0.0684296	68429.6	1	6
1.14139	0	1	10	LastDelay	0.0731233	73123.3	1	6
1.14139	0	1	10	FullDelay	0.0731233	73123.3	1	6
1.15675	0	1	11	LastDelay	0.0816611	81661.1	1	6
1.15675	0	1	11	FullDelay	0.0816611	81661.1	1	6
1.16585	0	1	12	LastDelay	0.0839324	83932.4	1	6
1.16585	0	1	12	FullDelay	0.0839324	83932.4	1	6
1.17663	0	1	13	LastDelay	0.0878804	87880.4	1	6
1.17663	0	1	13	FullDelay	0.0878804	87880.4	1	6
1.18577	0	1	14	LastDelay	0.0901918	90191.8	1	6
1.18577	0	1	14	FullDelay	0.0901918	90191.8	1	6
1.19764	0	1	15	LastDelay	0.0952441	95244.1	1	6
1.19764	0	1	15	FullDelay	0.0952441	95244.1	1	6
1.21319	0	1	16	LastDelay	0.103962	103962	1	6
1.21319	0	1	16	FullDelay	0.103962	103962	1	6
1.22678	0	1	17	LastDelay	0.110723	110723	1	6
1.22678	0	1	17	FullDelay	0.110723	110723	1	6
1.23834	0	1	18	LastDelay	0.115457	115457	1	6
1.23834	0	1	18	FullDelay	0.115457	115457	1	6
1.24827	0	1	19	LastDelay	0.118567	118567	1	6
1.24827	0	1	19	FullDelay	0.118567	118567	1	6
1.26102	0	1	20	LastDelay	0.124483	124483	1	6
1.26102	0	1	20	FullDelay	0.124483	124483	1	6
1.27333	0	1	21	LastDelay	0.129974	129974	1	6
1.27333	0	1	21	FullDelay	0.129974	129974	1	6
1.28335	0	1	22	LastDelay	0.133164	133164	1	6
1.28335	0	1	22	FullDelay	0.133164	133164	1	6
1.31908	0	1	25	LastDelay	0.148411	148411	1	6
1.31908	0	1	25	FullDelay	0.148411	148411	1	6
1.32991	0	1	26	LastDelay	0.152419	152419	1	6
1.32991	0	1	26	FullDelay	0.152419	152419	1	6
1.34155	0	1	27	LastDelay	0.157226	157226	1	6
1.34155	0	1	27	FullDelay	0.157226	157226	1	6
1.35066	0	1	28	LastDelay	0.159518	159518	1	6
1.35066	0	1	28	FullDelay	0.159518	159518	1	6
1.36254	0	1	29	LastDelay	0.164569	164569	1	6
1.36254	0	1	29	FullDelay	0.164569	164569	1	6
1.37168	0	1	30	LastDelay	0.166881	166881	1	6
1.37168	0	1	30	FullDelay	0.166881	166881	1	6
1.38522	0	1	31	LastDelay	0.173589	173589	1	6
1.38522	0	1	31	FullDelay	0.173589	173589	1	6
1.39614	0	1	32	LastDelay	0.177683	177683	1	6
1.39614	0	1	32	FullDelay	0.177683	177683	1	6
1.40519	0	1	33	LastDelay	0.179915	179915	1	6
1.40519	0	1	33	FullDelay	0.179915	179915	1	6
1.41699	0	1	34	LastDelay	0.184887	184887	1	6
1.41699	0	1	34	FullDelay	0.184887	184887	1	6
1.44334	0	1	36	LastDelay	0.197576	197576	1	6
1.44334	0	1	36	FullDelay	0.197576	197576	1	6
1.45327	0	1	2	LastDelay	0.200685	200685	1	2
1.45327	0	1	2	FullDelay	0.439618	439618	2	2
1.46948	0	1	37	LastDelay	0.210066	210066	1	6
1.46948	0	1	37	FullDelay	0.210066	210066	1	6
1.48869	0	1	39	LastDelay	0.215628	215628	1	6
1.48869	0	1	39	FullDelay	0.215628	215628	1	6
1.50293	0	1	40	LastDelay	0.223037	223037	1	6
1.50293	0	1	40	FullDelay	0.223037	223037	1	6
1.51529	0	1	41	LastDelay	0.228568	228568	1	6
1.51529	0	1	41	FullDelay	0.228568	228568	1	6
1.52618	0	1	42	LastDelay	0.232636	232636	1	6
1.52618	0	1	42	FullDelay	0.232636	232636	1	6
1.53544	0	1	43	LastDelay	0.235068	235068	1	6
1.53544	0	1	43	FullDelay	0.235068	235068	1	6
1.5588	0	1	45	LastDelay	0.24477	244770	1	6
1.5588	0	1	45	FullDelay	0.24477	244770	1	6
1.57395	0	1	46	LastDelay	0.253096	253096	1	6
1.57395	0	1	46	FullDelay	0.253096	253096	1	6
1.59418	0	1	48	LastDelay	0.259675	259675	1	6
1.59418	0	1	48	FullDelay	0.259675	259675	1	6
1.60328	0	1	49	LastDelay	0.261946	261946	1	6
1.60328	0	1	49	FullDelay	0.261946	261946	1	6
1.617	0	1	50	LastDelay	0.268839	268839	1	6
1.617	0	1	50	FullDelay	0.268839	268839	1	6
1.66091	0	1	53	LastDelay	0.292271	292271	1	6
1.66091	0	1	53	FullDelay	0.292271	292271	1	6
1.67159	0	1	54	LastDelay	0.296128	296128	1	6
1.67159	0	1	54	FullDelay	0.296128	296128	1	6
1.68669	0	1	55	LastDelay	0.304394	304394	1	6
1.68669	0	1	55	FullDelay	0.304394	304394	1	6
1.69735	0	1	56	LastDelay	0.308228	308228	1	6
1.69735	0	1	56	FullDelay	0.308228	308228	1	6
1.71296	0	1	57	LastDelay	0.317014	317014	1	6
1.71296	0	1	57	FullDelay	0.317014	317014	1	6
1.72815	0	1	58	LastDelay	0.325377	325377	1	6
1.72815	0	1	58	FullDelay	0.325377	325377	1	6
1.73918	0	1	59	LastDelay	0.32958	329580	1	6
1.73918	0	1	59	FullDelay	0.32958	329580	1	6
1.75296	0	1	60	LastDelay	0.336538	336538	1	6
1.75296	0	1	60	FullDelay	0.336538	336538	1	6
1.76332	0	1	61	LastDelay	0.340064	340064	1	6
1.76332	0	1	61	FullDelay	0.340064	340064	1	6
1.77242	0	1	62	LastDelay	0.342335	342335	1	6
1.77242	0	1	62	FullDelay	0.342335	342335	1	6
1.78558	0	1	63	LastDelay	0.348673	348673	1	6
1.78558	0	1	63	FullDelay	0.348673	348673	1	6
1.79591	0	1	64	LastDelay	0.352179	352179	1	6
1.79591	0	1	64	FullDelay	0.352179	352179	1	6
1.81874	0	1	66	LastDelay	0.361352	361352	1	6
1.81874	0	1	66	FullDelay	0.361352	361352	1	6
1.83096	0	1	67	LastDelay	0.366743	366743	1	6
1.83096	0	1	67	FullDelay	0.366743	366743	1	6
1.84132	0	1	68	LastDelay	0.370277	370277	1	6
1.84132	0	1	68	FullDelay	0.370277	370277	1	6
1.85438	0	1	69	LastDelay	0.376512	376512	1	6
1.85438	0	1	69	FullDelay	0.376512	376512	1	6
1.86438	0	1	70	LastDelay	0.379682	379682	1	6
1.86438	0	1	70	FullDelay	0.379682	379682	1	6
1.87596	0	1	71	LastDelay	0.384438	384438	1	6
1.87596	0	1	71	FullDelay	0.384438	384438	1	6
1.89024	0	1	72	LastDelay	0.391894	391894	1	6
1.89024	0	1	72	FullDelay	0.391894	391894	1	6
1.89932	0	1	73	LastDelay	0.394146	394146	1	6
1.89932	0	1	73	FullDelay	0.394146	394146	1	6
1.90936	0	1	74	LastDelay	0.397356	397356	1	6
1.90936	0	1	74	FullDelay	0.397356	397356	1	6
1.92324	0	1	75	LastDelay	0.40441	404410	1	6
1.92324	0	1	75	FullDelay	0.40441	404410	1	6
1.93801	0	1	76	LastDelay	0.412352	412352	1	6
1.93801	0	1	76	FullDelay	0.412352	412352	1	6
1.94782	0	1	77	LastDelay	0.415344	415344	1	6
1.94782	0	1	77	FullDelay	0.415344	415344	1	6
1.9611	0	1	78	LastDelay	0.421798	421798	1	6
1.9611	0	1	78	FullDelay	0.421798	421798	1	6
1.97483	0	1	23	LastDelay	0.421865	421865	1	2
1.97483	0	1	23	FullDelay	0.817812	817812	2	2
1.98518	0	1	79	LastDelay	0.439045	439045	1	6
1.98518	0	1	79	FullDelay	0.439045	439045	1	6
1.99707	0	1	24	LastDelay	0.437281	437281	1	2
1.99707	0	1	24	FullDelay	0.833227	833227	2	2
2.01125	0	1	80	LastDelay	0.444632	444632	1	6
2.01125	0	1	80	FullDelay	0.444632	444632	1	6
2.02222	0	1	81	LastDelay	0.44878	448780	1	6
2.02222	0	1	81	FullDelay	0.44878	448780	1	6
2.0313	0	1	82	LastDelay	0.451032	451032	1	6
2.0313	0	1	82	FullDelay	0.451032	451032	1	6
2.04245	0	1	83	LastDelay	0.45536	455360	1	6
2.04245	0	1	83	FullDelay	0.45536	455360	1	6
2.05478	0	1	84	LastDelay	0.460856	460856	1	6
2.05478	0	1	84	FullDelay	0.460856	460856	1	6
2.071	0	1	85	LastDelay	0.470257	470257	1	6
2.071	0	1	85	FullDelay	0.470257	470257	1	6
2.08018	0	1	86	LastDelay	0.472608	472608	1	6
2.08018	0	1	86	FullDelay	0.472608	472608	1	6
2.0956	0	1	87	LastDelay	0.481199	481199	1	6
2.0956	0	1	87	FullDelay	0.481199	481199	1	6
2.10466	0	1	88	LastDelay	0.48343	483430	1	6
2.10466	0	1	88	FullDelay	0.48343	483430	1	6
2.11796	0	1	89	LastDelay	0.489903	489903	1	6
2.11796	0	1	89	FullDelay	0.489903	489903	1	6
2.12705	0	1	90	LastDelay	0.492175	492175	1	6
2.12705	0	1	90	FullDelay	0.492175	492175	1	6
2.137	0	1	91	LastDelay	0.495295	495295	1	6
2.137	0	1	91	FullDelay	0.495295	495295	1	6
2.15298	0	1	92	LastDelay	0.504449	504449	1	6
2.15298	0	1	92	FullDelay	0.504449	504449	1	6
2.16648	0	1	93	LastDelay	0.51112	511120	1	6
2.16648	0	1	93	FullDelay	0.51112	511120	1	6
2.17664	0	1	94	LastDelay	0.51445	514450	1	6
2.17664	0	1	94	FullDelay	0.51445	514450	1	6
2.18659	0	1	95	LastDelay	0.51758	517580	1	6
2.18659	0	1	95	FullDelay	0.51758	517580	1	6
2.20002	0	1	96	LastDelay	0.524178	524178	1	6
2.20002	0	1	96	FullDelay	0.524178	524178	1	6
2.21062	0	1	97	LastDelay	0.527949	527949	1	6
2.21062	0	1	97	FullDelay	0.527949	527949	1	6
2.22732	0	1	98	LastDelay	0.537827	537827	1	6
2.22732	0	1	98	FullDelay	0.537827	537827	1	6
2.23742	0	1	99	LastDelay	0.541097	541097	1	6
2.23742	0	1	99	FullDelay	0.541097	541097	1	6
2.25001	0	1	100	LastDelay	0.546861	546861	1	6
2.25001	0	1	100	FullDelay	0.546861	546861	1	6
2.25981	0	1	101	LastDelay	0.549833	549833	1	6
2.25981	0	1	101	FullDelay	0.549833	549833	1	6
2.27106	0	1	102	LastDelay	0.554258	554258	1	6
2.27106	0	1	102	FullDelay	0.554258	554258	1	6
2.282	0	1	103	LastDelay	0.558374	558374	1	6
2.282	0	1	103	FullDelay	0.558374	558374	1	6
2.29308	0	1	104	LastDelay	0.562631	562631	1	6
2.29308	0	1	104	FullDelay	0.562631	562631	1	6
2.30625	0	1	105	LastDelay	0.568972	568972	1	6
2.30625	0	1	105	FullDelay	0.568972	568972	1	6
2.31734	0	1	106	LastDelay	0.573229	573229	1	6
2.31734	0	1	106	FullDelay	0.573229	573229	1	6
2.33124	0	1	107	LastDelay	0.580309	580309	1	6
2.33124	0	1	107	FullDelay	0.580309	580309	1	6
2.3433	0	1	108	LastDelay	0.585543	585543	1	6
2.3433	0	1	108	FullDelay	0.585543	585543	1	6
2.35718	0	1	109	LastDelay	0.59259	592590	1	6
2.35718	0	1	109	FullDelay	0.59259	592590	1	6
2.36625	0	1	110	LastDelay	0.594841	594841	1	6
2.36625	0	1	110	FullDelay	0.594841	594841	1	6
2.38924	0	1	112	LastDelay	0.604172	604172	1	6
2.38924	0	1	112	FullDelay	0.604172	604172	1	6
2.40049	0	1	113	LastDelay	0.608596	608596	1	6
2.40049	0	1	113	FullDelay	0.608596	608596	1	6
2.41242	0	1	35	LastDelay	0.606875	606875	1	2
2.41242	0	1	35	FullDelay	1.17349	1.17349e+06	2	2
2.42148	0	1	114	LastDelay	0.62276	622760	1	6
2.42148	0	1	114	FullDelay	0.62276	622760	1	6
2.43182	0	1	38	LastDelay	0.619443	619443	1	2
2.43182	0	1	38	FullDelay	1.16558	1.16558e+06	2	2
2.44211	0	1	115	LastDelay	0.622912	622912	1	6
2.44211	0	1	115	FullDelay	0.622912	622912	1	6
2.46839	0	1	117	LastDelay	0.635539	635539	1	6
2.46839	0	1	117	FullDelay	0.635539	635539	1	6
2.47775	0	1	118	LastDelay	0.638067	638067	1	6
2.47775	0	1	118	FullDelay	0.638067	638067	1	6
2.48796	0	1	119	LastDelay	0.641453	641453	1	6
2.48796	0	1	119	FullDelay	0.641453	641453	1	6
2.49858	0	1	44	LastDelay	0.645252	645252	1	2
2.49858	0	1	44	FullDelay	1.19138	1.19138e+06	2	2
2.51051	0	1	120	LastDelay	0.650353	650353	1	6
2.51051	0	1	120	FullDelay	0.650353	650353	1	6
2.52959	0	1	122	LastDelay	0.655775	655775	1	6
2.52959	0	1	122	FullDelay	0.655775	655775	1	6
2.5543	0	1	124	LastDelay	0.666837	666837	1	6
2.5543	0	1	124	FullDelay	0.666837	666837	1	6
2.58334	0	1	51	LastDelay	0.675396	675396	1	2
2.58334	0	1	51	FullDelay	1.22836	1.22836e+06	2	2
2.59332	0	1	125	LastDelay	0.699026	699026	1	6
2.59332	0	1	125	FullDelay	0.699026	699026	1	6
2.6111	0	1	126	LastDelay	0.696328	696328	1	6
2.6111	0	1	126	FullDelay	0.696328	696328	1	6
2.62183	0	1	127	LastDelay	0.700228	700228	1	6
2.62183	0	1	127	FullDelay	0.700228	700228	1	6
2.63095	0	1	128	LastDelay	0.702519	702519	1	6
2.63095	0	1	128	FullDelay	0.702519	702519	1	6
2.65839	0	1	52	LastDelay	0.702658	702658	1	2
2.65839	0	1	52	FullDelay	1.29658	1.29658e+06	2	2
2.66988	0	1	130	LastDelay	0.727797	727797	1	6
2.66988	0	1	130	FullDelay	0.727797	727797	1	6
2.67985	0	1	131	LastDelay	0.730947	730947	1	6
2.67985	0	1	131	FullDelay	0.730947	730947	1	6
2.6952	0	1	132	LastDelay	0.732642	732642	1	6
2.6952	0	1	132	FullDelay	0.732642	732642	1	6
2.70595	0	1	133	LastDelay	0.736561	736561	1	6
2.70595	0	1	133	FullDelay	0.736561	736561	1	6
2.71505	0	1	134	LastDelay	0.738832	738832	1	6
2.71505	0	1	134	FullDelay	0.738832	738832	1	6
2.7263	0	1	135	LastDelay	0.743261	743261	1	6
2.7263	0	1	135	FullDelay	0.743261	743261	1	6
2.7374	0	1	136	LastDelay	0.747529	747529	1	6
2.7374	0	1	136	FullDelay	0.747529	747529	1	6
2.74645	0	1	137	LastDelay	0.74976	749760	1	6
2.74645	0	1	137	FullDelay	0.74976	749760	1	6
2.78349	0	1	140	LastDelay	0.76632	766320	1	6
2.78349	0	1	140	FullDelay	0.76632	766320	1	6
2.79555	0	1	141	LastDelay	0.771553	771553	1	6
2.79555	0	1	141	FullDelay	0.771553	771553	1	6
2.80463	0	1	142	LastDelay	0.773804	773804	1	6
2.80463	0	1	142	FullDelay	0.773804	773804	1	6
2.81688	0	1	143	LastDelay	0.779223	779223	1	6
2.81688	0	1	143	FullDelay	0.779223	779223	1	6
2.83091	0	1	144	LastDelay	0.786435	786435	1	6
2.83091	0	1	144	FullDelay	0.786435	786435	1	6
2.84263	0	1	145	LastDelay	0.791324	791324	1	6
2.84263	0	1	145	FullDelay	0.791324	791324	1	6
2.85572	0	1	146	LastDelay	0.797589	797589	1	6
2.85572	0	1	146	FullDelay	0.797589	797589	1	6
2.88311	0	1	148	LastDelay	0.811328	811328	1	6
2.88311	0	1	148	FullDelay	0.811328	811328	1	6
2.89685	0	1	149	LastDelay	0.818235	818235	1	6
2.89685	0	1	149	FullDelay	0.818235	818235	1	6
2.90622	0	1	150	LastDelay	0.820783	820783	1	6
2.90622	0	1	150	FullDelay	0.820783	820783	1	6
2.92042	0	1	151	LastDelay	0.828154	828154	1	6
2.92042	0	1	151	FullDelay	0.828154	828154	1	6
2.93071	0	1	152	LastDelay	0.831621	831621	1	6
2.93071	0	1	152	FullDelay	0.831621	831621	1	6
2.94259	0	1	65	LastDelay	0.836667	836667	1	2
2.94259	0	1	65	FullDelay	1.49203	1.49203e+06	2	2
2.95989	0	1	153	LastDelay	0.847147	847147	1	6
2.95989	0	1	153	FullDelay	0.847147	847147	1	6
2.98177	0	1	155	LastDelay	0.855366	855366	1	6
2.98177	0	1	155	FullDelay	0.855366	855366	1	6
2.99294	0	1	156	LastDelay	0.859714	859714	1	6
2.99294	0	1	156	FullDelay	0.859714	859714	1	6
3.00382	0	1	157	LastDelay	0.863762	863762	1	6
3.00382	0	1	157	FullDelay	0.863762	863762	1	6
3.01487	0	1	158	LastDelay	0.867991	867991	1	6
3.01487	0	1	158	FullDelay	0.867991	867991	1	6
3.02898	0	1	159	LastDelay	0.875275	875275	1	6
3.02898	0	1	159	FullDelay	0.875275	875275	1	6
3.03918	0	1	160	LastDelay	0.878645	878645	1	6
3.03918	0	1	160	FullDelay	0.878645	878645	1	6
3.04919	0	1	161	LastDelay	0.881835	881835	1	6
3.04919	0	1	161	FullDelay	0.881835	881835	1	6
3.06128	0	1	162	LastDelay	0.88709	887090	1	6
3.06128	0	1	162	FullDelay	0.88709	887090	1	6
3.07663	0	1	163	LastDelay	0.895619	895619	1	6
3.07663	0	1	163	FullDelay	0.895619	895619	1	6
3.08571	0	1	164	LastDelay	0.897871	897871	1	6
3.08571	0	1	164	FullDelay	0.897871	897871	1	6
3.09565	0	1	165	LastDelay	0.900981	900981	1	6
3.09565	0	1	165	FullDelay	0.900981	900981	1	6
3.11746	0	1	167	LastDelay	0.909142	909142	1	6
3.11746	0	1	167	FullDelay	0.909142	909142	1	6
3.1274	0	1	168	LastDelay	0.912252	912252	1	6
3.1274	0	1	168	FullDelay	0.912252	912252	1	6
3.14243	0	1	169	LastDelay	0.920453	920453	1	6
3.14243	0	1	169	FullDelay	0.920453	920453	1	6
3.15152	0	1	170	LastDelay	0.922724	922724	1	6
3.15152	0	1	170	FullDelay	0.922724	922724	1	6
3.161	0	1	171	LastDelay	0.925376	925376	1	6
3.161	0	1	171	FullDelay	0.925376	925376	1	6
3.17181	0	1	172	LastDelay	0.929354	929354	1	6
3.17181	0	1	172	FullDelay	0.929354	929354	1	6
3.18212	0	1	173	LastDelay	0.932844	932844	1	6
3.18212	0	1	173	FullDelay	0.932844	932844	1	6
3.19376	0	1	174	LastDelay	0.937653	937653	1	6
3.19376	0	1	174	FullDelay	0.937653	937653	1	6
3.20597	0	1	175	LastDelay	0.94304	943040	1	6
3.20597	0	1	175	FullDelay	0.94304	943040	1	6
3.22099	0	1	176	LastDelay	0.951231	951231	1	6
3.22099	0	1	176	FullDelay	0.951231	951231	1	6
3.23218	0	1	177	LastDelay	0.955596	955596	1	6
3.23218	0	1	177	FullDelay	0.955596	955596	1	6
3.24422	0	1	178	LastDelay	0.960811	960811	1	6
3.24422	0	1	178	FullDelay	0.960811	960811	1	6
3.26546	0	1	180	LastDelay	0.968397	968397	1	6
3.26546	0	1	180	FullDelay	0.968397	968397	1	6
3.27977	0	1	181	LastDelay	0.975874	975874	1	6
3.27977	0	1	181	FullDelay	0.975874	975874	1	6
3.29003	0	1	182	LastDelay	0.979312	979312	1	6
3.29003	0	1	182	FullDelay	0.979312	979312	1	6
3.3003	0	1	183	LastDelay	0.98275	982750	1	6
3.3003	0	1	183	FullDelay	0.98275	982750	1	6
3.30945	0	1	184	LastDelay	0.985082	985082	1	6
3.30945	0	1	184	FullDelay	0.985082	985082	1	6
3.32146	0	1	185	LastDelay	0.990257	990257	1	6
3.32146	0	1	185	FullDelay	0.990257	990257	1	6
3.33225	0	1	186	LastDelay	0.994224	994224	1	6
3.33225	0	1	186	FullDelay	0.994224	994224	1	6
3.34219	0	1	187	LastDelay	0.997334	997334	1	6
3.34219	0	1	187	FullDelay	0.997334	997334	1	6
3.35667	0	1	188	LastDelay	1.00499	1.00499e+06	1	6
3.35667	0	1	188	FullDelay	1.00499	1.00499e+06	1	6
3.36631	0	1	189	LastDelay	1.0078	1.0078e+06	1	6
3.36631	0	1	189	FullDelay	1.0078	1.0078e+06	1	6
3.38814	0	1	191	LastDelay	1.01598	1.01598e+06	1	6
3.38814	0	1	191	FullDelay	1.01598	1.01598e+06	1	6
3.39945	0	1	192	LastDelay	1.02046	1.02046e+06	1	6
3.39945	0	1	192	FullDelay	1.02046	1.02046e+06	1	6
3.40855	0	1	193	LastDelay	1.02273	1.02273e+06	1	6
3.40855	0	1	193	FullDelay	1.02273	1.02273e+06	1	6
3.42067	0	1	194	LastDelay	1.02803	1.02803e+06	1	6
3.42067	0	1	194	FullDelay	1.02803	1.02803e+06	1	6
3.4409	0	1	196	LastDelay	1.03461	1.03461e+06	1	6
3.4409	0	1	196	FullDelay	1.03461	1.03461e+06	1	6
3.46545	0	1	198	LastDelay	1.0455	1.0455e+06	1	6
3.46545	0	1	198	FullDelay	1.0455	1.0455e+06	1	6
3.47559	0	1	199	LastDelay	1.04882	1.04882e+06	1	6
3.47559	0	1	199	FullDelay	1.04882	1.04882e+06	1	6
3.48557	0	1	200	LastDelay	1.05197	1.05197e+06	1	6
3.48557	0	1	200	FullDelay	1.05197	1.05197e+06	1	6
3.49682	0	1	201	LastDelay	1.05639	1.05639e+06	1	6
3.49682	0	1	201	FullDelay	1.05639	1.05639e+06	1	6
3.50722	0	1	202	LastDelay	1.05997	1.05997e+06	1	6
3.50722	0	1	202	FullDelay	1.05997	1.05997e+06	1	6
3.51958	0	1	203	LastDelay	1.0655	1.0655e+06	1	6
3.51958	0	1	203	FullDelay	1.0655	1.0655e+06	1	6
3.53071	0	1	204	LastDelay	1.06981	1.06981e+06	1	6
3.53071	0	1	204	FullDelay	1.06981	1.06981e+06	1	6
3.54375	0	1	205	LastDelay	1.07601	1.07601e+06	1	6
3.54375	0	1	205	FullDelay	1.07601	1.07601e+06	1	6
3.55313	0	1	206	LastDelay	1.07857	1.07857e+06	1	6
3.55313	0	1	206	FullDelay	1.07857	1.07857e+06	1	6
3.56367	0	1	207	LastDelay	1.08229	1.08229e+06	1	6
3.56367	0	1	207	FullDelay	1.08229	1.08229e+06	1	6
3.58091	0	1	208	LastDelay	1.09269	1.09269e+06	1	6
3.58091	0	1	208	FullDelay	1.09269	1.09269e+06	1	6
3.59205	0	1	209	LastDelay	1.09701	1.09701e+06	1	6
3.59205	0	1	209	FullDelay	1.09701	1.09701e+06	1	6
3.60168	0	1	210	LastDelay	1.09982	1.09982e+06	1	6
3.60168	0	1	210	FullDelay	1.09982	1.09982e+06	1	6
3.61202	0	1	211	LastDelay	1.10333	1.10333e+06	1	6
3.61202	0	1	211	FullDelay	1.10333	1.10333e+06	1	6
3.62339	0	1	212	LastDelay	1.10787	1.10787e+06	1	6
3.62339	0	1	212	FullDelay	1.10787	1.10787e+06	1	6
3.63887	0	1	213	LastDelay	1.11652	1.11652e+06	1	6
3.63887	0	1	213	FullDelay	1.11652	1.11652e+06	1	6
3.64895	0	1	214	LastDelay	1.11978	1.11978e+06	1	6
3.64895	0	1	214	FullDelay	1.11978	1.11978e+06	1	6
3.65835	0	1	215	LastDelay	1.12235	1.12235e+06	1	6
3.65835	0	1	215	FullDelay	1.12235	1.12235e+06	1	6
3.66976	0	1	216	LastDelay	1.12694	1.12694e+06	1	6
3.66976	0	1	216	FullDelay	1.12694	1.12694e+06	1	6
3.6844	0	1	217	LastDelay	1.13474	1.13474e+06	1	6
3.6844	0	1	217	FullDelay	1.13474	1.13474e+06	1	6
3.70539	0	1	219	LastDelay	1.14208	1.14208e+06	1	6
3.70539	0	1	219	FullDelay	1.14208	1.14208e+06	1	6
3.71544	0	1	220	LastDelay	1.1453	1.1453e+06	1	6
3.71544	0	1	220	FullDelay	1.1453	1.1453e+06	1	6
3.72485	0	1	221	LastDelay	1.14789	1.14789e+06	1	6
3.72485	0	1	221	FullDelay	1.14789	1.14789e+06	1	6
3.7384	0	1	222	LastDelay	1.15461	1.15461e+06	1	6
3.7384	0	1	222	FullDelay	1.15461	1.15461e+06	1	6
3.74863	0	1	223	LastDelay	1.15802	1.15802e+06	1	6
3.74863	0	1	223	FullDelay	1.15802	1.15802e+06	1	6
3.77089	0	1	225	LastDelay	1.16662	1.16662e+06	1	6
3.77089	0	1	225	FullDelay	1.16662	1.16662e+06	1	6
3.78098	0	1	226	LastDelay	1.16989	1.16989e+06	1	6
3.78098	0	1	226	FullDelay	1.16989	1.16989e+06	1	6
3.79459	0	1	227	LastDelay	1.17667	1.17667e+06	1	6
3.79459	0	1	227	FullDelay	1.17667	1.17667e+06	1	6
3.80475	0	1	228	LastDelay	1.18001	1.18001e+06	1	6
3.80475	0	1	228	FullDelay	1.18001	1.18001e+06	1	6
3.81411	0	1	229	LastDelay	1.18254	1.18254e+06	1	6
3.81411	0	1	229	FullDelay	1.18254	1.18254e+06	1	6
3.82451	0	1	230	LastDelay	1.18611	1.18611e+06	1	6
3.82451	0	1	230	FullDelay	1.18611	1.18611e+06	1	6
3.83546	0	1	231	LastDelay	1.19023	1.19023e+06	1	6
3.83546	0	1	231	FullDelay	1.19023	1.19023e+06	1	6
3.84641	0	1	232	LastDelay	1.19436	1.19436e+06	1	6
3.84641	0	1	232	FullDelay	1.19436	1.19436e+06	1	6
3.85743	0	1	233	LastDelay	1.19855	1.19855e+06	1	6
3.85743	0	1	233	FullDelay	1.19855	1.19855e+06	1	6
3.86928	0	1	234	LastDelay	1.20358	1.20358e+06	1	6
3.86928	0	1	234	FullDelay	1.20358	1.20358e+06	1	6
3.87846	0	1	235	LastDelay	1.20593	1.20593e+06	1	6
3.87846	0	1	235	FullDelay	1.20593	1.20593e+06	1	6
3.88852	0	1	236	LastDelay	1.20916	1.20916e+06	1	6
3.88852	0	1	236	FullDelay	1.20916	1.20916e+06	1	6
3.89913	0	1	237	LastDelay	1.21295	1.21295e+06	1	6
3.89913	0	1	237	FullDelay	1.21295	1.21295e+06	1	6
3.91155	0	1	238	LastDelay	1.21854	1.21854e+06	1	6
3.91155	0	1	238	FullDelay	1.21854	1.21854e+06	1	6
3.92954	0	1	239	LastDelay	1.2297	1.2297e+06	1	6
3.92954	0	1	239	FullDelay	1.2297	1.2297e+06	1	6
3.93999	0	1	240	LastDelay	1.23333	1.23333e+06	1	6
3.93999	0	1	240	FullDelay	1.23333	1.23333e+06	1	6
3.95261	0	1	241	LastDelay	1.23912	1.23912e+06	1	6
3.95261	0	1	241	FullDelay	1.23912	1.23912e+06	1	6
3.96169	0	1	242	LastDelay	1.24137	1.24137e+06	1	6
3.96169	0	1	242	FullDelay	1.24137	1.24137e+06	1	6
3.97675	0	1	243	LastDelay	1.24961	1.24961e+06	1	6
3.97675	0	1	243	FullDelay	1.24961	1.24961e+06	1	6
3.98607	0	1	244	LastDelay	1.2521	1.2521e+06	1	6
3.98607	0	1	244	FullDelay	1.2521	1.2521e+06	1	6
4.0083	0	1	111	LastDelay	1.25385	1.25385e+06	1	2
4.0083	0	1	111	FullDelay	2.23006	2.23006e+06	2	2
4.0175	0	1	246	LastDelay	1.26987	1.26987e+06	1	6
4.0175	0	1	246	FullDelay	1.26987	1.26987e+06	1	6
4.02771	0	1	116	LastDelay	1.26643	1.26643e+06	1	2
4.02771	0	1	116	FullDelay	2.20169	2.20169e+06	2	2
4.03785	0	1	247	LastDelay	1.26974	1.26974e+06	1	6
4.03785	0	1	247	FullDelay	1.26974	1.26974e+06	1	6
4.04789	0	1	248	LastDelay	1.27295	1.27295e+06	1	6
4.04789	0	1	248	FullDelay	1.27295	1.27295e+06	1	6
4.05806	0	1	249	LastDelay	1.2763	1.2763e+06	1	6
4.05806	0	1	249	FullDelay	1.2763	1.2763e+06	1	6
4.07198	0	1	250	LastDelay	1.28339	1.28339e+06	1	6
4.07198	0	1	250	FullDelay	1.28339	1.28339e+06	1	6
4.08138	0	1	251	LastDelay	1.28596	1.28596e+06	1	6
4.08138	0	1	251	FullDelay	1.28596	1.28596e+06	1	6
4.09244	0	1	252	LastDelay	1.2902	1.2902e+06	1	6
4.09244	0	1	252	FullDelay	1.2902	1.2902e+06	1	6
4.10351	0	1	253	LastDelay	1.29445	1.29445e+06	1	6
4.10351	0	1	253	FullDelay	1.29445	1.29445e+06	1	6
4.12554	0	1	255	LastDelay	1.30282	1.30282e+06	1	6
4.12554	0	1	255	FullDelay	1.30282	1.30282e+06	1	6
4.13599	0	1	256	LastDelay	1.30645	1.30645e+06	1	6
4.13599	0	1	256	FullDelay	1.30645	1.30645e+06	1	6
4.15092	0	1	121	LastDelay	1.3009	1.3009e+06	1	2
4.15092	0	1	121	FullDelay	2.28394	2.28394e+06	2	2
4.18221	0	1	258	LastDelay	1.33901	1.33901e+06	1	6
4.18221	0	1	258	FullDelay	1.33901	1.33901e+06	1	6
4.19577	0	1	259	LastDelay	1.33209	1.33209e+06	1	6
4.19577	0	1	259	FullDelay	1.33209	1.33209e+06	1	6
4.20638	0	1	260	LastDelay	1.33587	1.33587e+06	1	6
4.20638	0	1	260	FullDelay	1.33587	1.33587e+06	1	6
4.22074	0	1	261	LastDelay	1.34341	1.34341e+06	1	6
4.22074	0	1	261	FullDelay	1.34341	1.34341e+06	1	6
4.22981	0	1	262	LastDelay	1.34565	1.34565e+06	1	6
4.22981	0	1	262	FullDelay	1.34565	1.34565e+06	1	6
4.25133	0	1	264	LastDelay	1.35352	1.35352e+06	1	6
4.25133	0	1	264	FullDelay	1.35352	1.35352e+06	1	6
4.26368	0	1	47	LastDelay	1.35904	1.35904e+06	1	2
4.26368	0	1	47	FullDelay	2.936	2.936e+06	3	2
4.27803	0	1	265	LastDelay	1.36656	1.36656e+06	1	6
4.27803	0	1	265	FullDelay	1.36656	1.36656e+06	1	6
4.28711	0	1	266	LastDelay	1.36882	1.36882e+06	1	6
4.28711	0	1	266	FullDelay	1.36882	1.36882e+06	1	6
4.30824	0	1	268	LastDelay	1.3763	1.3763e+06	1	6
4.30824	0	1	268	FullDelay	1.3763	1.3763e+06	1	6
4.31866	0	1	269	LastDelay	1.37989	1.37989e+06	1	6
4.31866	0	1	269	FullDelay	1.37989	1.37989e+06	1	6
4.33033	0	1	270	LastDelay	1.38473	1.38473e+06	1	6
4.33033	0	1	270	FullDelay	1.38473	1.38473e+06	1	6
4.34342	0	1	129	LastDelay	1.39099	1.39099e+06	1	2
4.34342	0	1	129	FullDelay	2.40817	2.40817e+06	2	2
4.35459	0	1	271	LastDelay	1.39534	1.39534e+06	1	6
4.35459	0	1	271	FullDelay	1.39534	1.39534e+06	1	6
4.36982	0	1	272	LastDelay	1.40374	1.40374e+06	1	6
4.36982	0	1	272	FullDelay	1.40374	1.40374e+06	1	6
4.37986	0	1	273	LastDelay	1.40695	1.40695e+06	1	6
4.37986	0	1	273	FullDelay	1.40695	1.40695e+06	1	6
4.40565	0	1	275	LastDelay	1.41909	1.41909e+06	1	6
4.40565	0	1	275	FullDelay	1.41909	1.41909e+06	1	6
4.41558	0	1	276	LastDelay	1.42219	1.42219e+06	1	6
4.41558	0	1	276	FullDelay	1.42219	1.42219e+06	1	6
4.42983	0	1	277	LastDelay	1.42962	1.42962e+06	1	6
4.42983	0	1	277	FullDelay	1.42962	1.42962e+06	1	6
4.43906	0	1	278	LastDelay	1.43202	1.43202e+06	1	6
4.43906	0	1	278	FullDelay	1.43202	1.43202e+06	1	6
4.44832	0	1	279	LastDelay	1.43446	1.43446e+06	1	6
4.44832	0	1	279	FullDelay	1.43446	1.43446e+06	1	6
4.4621	0	1	280	LastDelay	1.44141	1.44141e+06	1	6
4.4621	0	1	280	FullDelay	1.44141	1.44141e+06	1	6
4.47536	0	1	281	LastDelay	1.44784	1.44784e+06	1	6
4.47536	0	1	281	FullDelay	1.44784	1.44784e+06	1	6
4.48563	0	1	282	LastDelay	1.45128	1.45128e+06	1	6
4.48563	0	1	282	FullDelay	1.45128	1.45128e+06	1	6
4.49489	0	1	283	LastDelay	1.45372	1.45372e+06	1	6
4.49489	0	1	283	FullDelay	1.45372	1.45372e+06	1	6
4.50474	0	1	284	LastDelay	1.45674	1.45674e+06	1	6
4.50474	0	1	284	FullDelay	1.45674	1.45674e+06	1	6
4.531	0	1	285	LastDelay	1.46935	1.46935e+06	1	6
4.531	0	1	285	FullDelay	1.46935	1.46935e+06	1	6
4.54025	0	1	286	LastDelay	1.47177	1.47177e+06	1	6
4.54025	0	1	286	FullDelay	1.47177	1.47177e+06	1	6
4.5529	0	1	287	LastDelay	1.47759	1.47759e+06	1	6
4.5529	0	1	287	FullDelay	1.47759	1.47759e+06	1	6
4.56196	0	1	288	LastDelay	1.47983	1.47983e+06	1	6
4.56196	0	1	288	FullDelay	1.47983	1.47983e+06	1	6
4.57472	0	1	139	LastDelay	1.47211	1.47211e+06	1	2
4.57472	0	1	139	FullDelay	2.56437	2.56437e+06	2	2
4.5838	0	1	289	LastDelay	1.49485	1.49485e+06	1	6
4.5838	0	1	289	FullDelay	1.49485	1.49485e+06	1	6
4.59342	0	1	290	LastDelay	1.49764	1.49764e+06	1	6
4.59342	0	1	290	FullDelay	1.49764	1.49764e+06	1	6
4.61712	0	1	292	LastDelay	1.50086	1.50086e+06	1	6
4.61712	0	1	292	FullDelay	1.50086	1.50086e+06	1	6
4.62841	0	1	293	LastDelay	1.50532	1.50532e+06	1	6
4.62841	0	1	293	FullDelay	1.50532	1.50532e+06	1	6
4.63752	0	1	294	LastDelay	1.5076	1.5076e+06	1	6
4.63752	0	1	294	FullDelay	1.5076	1.5076e+06	1	6
4.65594	0	1	147	LastDelay	1.50554	1.50554e+06	1	2
4.65594	0	1	147	FullDelay	2.59098	2.59098e+06	2	2
4.66617	0	1	295	LastDelay	1.52942	1.52942e+06	1	6
4.66617	0	1	295	FullDelay	1.52942	1.52942e+06	1	6
4.67797	0	1	296	LastDelay	1.5344	1.5344e+06	1	6
4.67797	0	1	296	FullDelay	1.5344	1.5344e+06	1	6
4.68878	0	1	297	LastDelay	1.53155	1.53155e+06	1	6
4.68878	0	1	297	FullDelay	1.53155	1.53155e+06	1	6
4.69924	0	1	298	LastDelay	1.53519	1.53519e+06	1	6
4.69924	0	1	298	FullDelay	1.53519	1.53519e+06	1	6
4.71542	0	1	299	LastDelay	1.54454	1.54454e+06	1	6
4.71542	0	1	299	FullDelay	1.54454	1.54454e+06	1	6
4.73479	0	1	301	LastDelay	1.55026	1.55026e+06	1	6
4.73479	0	1	301	FullDelay	1.55026	1.55026e+06	1	6
4.74394	0	1	302	LastDelay	1.55258	1.55258e+06	1	6
4.74394	0	1	302	FullDelay	1.55258	1.55258e+06	1	6
4.75568	0	1	303	LastDelay	1.55749	1.55749e+06	1	6
4.75568	0	1	303	FullDelay	1.55749	1.55749e+06	1	6
4.76631	0	1	154	LastDelay	1.5613	1.5613e+06	1	2
4.76631	0	1	154	FullDelay	2.64674	2.64674e+06	2	2
4.77725	0	1	304	LastDelay	1.56541	1.56541e+06	1	6
4.77725	0	1	304	FullDelay	1.56541	1.56541e+06	1	6
4.78839	0	1	305	LastDelay	1.56972	1.56972e+06	1	6
4.78839	0	1	305	FullDelay	1.56972	1.56972e+06	1	6
4.7994	0	1	306	LastDelay	1.57391	1.57391e+06	1	6
4.7994	0	1	306	FullDelay	1.57391	1.57391e+06	1	6
4.80941	0	1	307	LastDelay	1.57709	1.57709e+06	1	6
4.80941	0	1	307	FullDelay	1.57709	1.57709e+06	1	6
4.83149	0	1	309	LastDelay	1.58552	1.58552e+06	1	6
4.83149	0	1	309	FullDelay	1.58552	1.58552e+06	1	6
4.84512	0	1	310	LastDelay	1.59232	1.59232e+06	1	6
4.84512	0	1	310	FullDelay	1.59232	1.59232e+06	1	6
4.85545	0	1	311	LastDelay	1.59583	1.59583e+06	1	6
4.85545	0	1	311	FullDelay	1.59583	1.59583e+06	1	6
4.86639	0	1	312	LastDelay	1.59994	1.59994e+06	1	6
4.86639	0	1	312	FullDelay	1.59994	1.59994e+06	1	6
4.88874	0	1	313	LastDelay	1.61546	1.61546e+06	1	6
4.88874	0	1	313	FullDelay	1.61546	1.61546e+06	1	6
4.90001	0	1	314	LastDelay	1.6199	1.6199e+06	1	6
4.90001	0	1	314	FullDelay	1.6199	1.6199e+06	1	6
4.93394	0	1	317	LastDelay	1.63335	1.63335e+06	1	6
4.93394	0	1	317	FullDelay	1.63335	1.63335e+06	1	6
4.94399	0	1	318	LastDelay	1.63658	1.63658e+06	1	6
4.94399	0	1	318	FullDelay	1.63658	1.63658e+06	1	6
4.95547	0	1	319	LastDelay	1.64123	1.64123e+06	1	6
4.95547	0	1	319	FullDelay	1.64123	1.64123e+06	1	6
4.96468	0	1	320	LastDelay	1.64361	1.64361e+06	1	6
4.96468	0	1	320	FullDelay	1.64361	1.64361e+06	1	6
4.98496	0	1	322	LastDelay	1.65024	1.65024e+06	1	6
4.98496	0	1	322	FullDelay	1.65024	1.65024e+06	1	6
4.99405	0	1	323	LastDelay	1.6525	1.6525e+06	1	6
4.99405	0	1	323	FullDelay	1.6525	1.6525e+06	1	6
5.00481	0	1	166	LastDelay	1.64961	1.64961e+06	1	2
5.00481	0	1	166	FullDelay	2.80331	2.80331e+06	2	2
5.01469	0	1	324	LastDelay	1.66632	1.66632e+06	1	6
5.01469	0	1	324	FullDelay	1.66632	1.66632e+06	1	6
5.02471	0	1	325	LastDelay	1.66268	1.66268e+06	1	6
5.02471	0	1	325	FullDelay	1.66268	1.66268e+06	1	6
5.0356	0	1	326	LastDelay	1.66675	1.66675e+06	1	6
5.0356	0	1	326	FullDelay	1.66675	1.66675e+06	1	6
5.04485	0	1	327	LastDelay	1.66917	1.66917e+06	1	6
5.04485	0	1	327	FullDelay	1.66917	1.66917e+06	1	6
5.05504	0	1	328	LastDelay	1.67253	1.67253e+06	1	6
5.05504	0	1	328	FullDelay	1.67253	1.67253e+06	1	6
5.06507	0	1	329	LastDelay	1.67574	1.67574e+06	1	6
5.06507	0	1	329	FullDelay	1.67574	1.67574e+06	1	6
5.07619	0	1	330	LastDelay	1.68003	1.68003e+06	1	6
5.07619	0	1	330	FullDelay	1.68003	1.68003e+06	1	6
5.08544	0	1	331	LastDelay	1.68245	1.68245e+06	1	6
5.08544	0	1	331	FullDelay	1.68245	1.68245e+06	1	6
5.09951	0	1	332	LastDelay	1.6897	1.6897e+06	1	6
5.09951	0	1	332	FullDelay	1.6897	1.6897e+06	1	6
5.1113	0	1	179	LastDelay	1.66052	1.66052e+06	1	2
5.1113	0	1	179	FullDelay	2.82106	2.82106e+06	2	2
5.12151	0	1	333	LastDelay	1.70487	1.70487e+06	1	6
5.12151	0	1	333	FullDelay	1.70487	1.70487e+06	1	6
5.13059	0	1	334	LastDelay	1.70713	1.70713e+06	1	6
5.13059	0	1	334	FullDelay	1.70713	1.70713e+06	1	6
5.13968	0	1	335	LastDelay	1.70939	1.70939e+06	1	6
5.13968	0	1	335	FullDelay	1.70939	1.70939e+06	1	6
5.14875	0	1	336	LastDelay	1.71163	1.71163e+06	1	6
5.14875	0	1	336	FullDelay	1.71163	1.71163e+06	1	6
5.15797	0	1	337	LastDelay	1.71402	1.71402e+06	1	6
5.15797	0	1	337	FullDelay	1.71402	1.71402e+06	1	6
5.16725	0	1	338	LastDelay	1.70965	1.70965e+06	1	6
5.16725	0	1	338	FullDelay	1.70965	1.70965e+06	1	6
5.17856	0	1	339	LastDelay	1.71413	1.71413e+06	1	6
5.17856	0	1	339	FullDelay	1.71413	1.71413e+06	1	6
5.18969	0	1	340	LastDelay	1.71843	1.71843e+06	1	6
5.18969	0	1	340	FullDelay	1.71843	1.71843e+06	1	6
5.2036	0	1	341	LastDelay	1.72552	1.72552e+06	1	6
5.2036	0	1	341	FullDelay	1.72552	1.72552e+06	1	6
5.21357	0	1	342	LastDelay	1.72866	1.72866e+06	1	6
5.21357	0	1	342	FullDelay	1.72866	1.72866e+06	1	6
5.22284	0	1	343	LastDelay	1.7311	1.7311e+06	1	6
5.22284	0	1	343	FullDelay	1.7311	1.7311e+06	1	6
5.24507	0	1	345	LastDelay	1.73969	1.73969e+06	1	6
5.24507	0	1	345	FullDelay	1.73969	1.73969e+06	1	6
5.25438	0	1	346	LastDelay	1.74217	1.74217e+06	1	6
5.25438	0	1	346	FullDelay	1.74217	1.74217e+06	1	6
5.2657	0	1	347	LastDelay	1.74666	1.74666e+06	1	6
5.2657	0	1	347	FullDelay	1.74666	1.74666e+06	1	6
5.28126	0	1	348	LastDelay	1.7554	1.7554e+06	1	6
5.28126	0	1	348	FullDelay	1.7554	1.7554e+06	1	6
5.30048	0	1	350	LastDelay	1.76096	1.76096e+06	1	6
5.30048	0	1	350	FullDelay	1.76096	1.76096e+06	1	6
5.32499	0	1	352	LastDelay	1.77182	1.77182e+06	1	6
5.32499	0	1	352	FullDelay	1.77182	1.77182e+06	1	6
5.3341	0	1	353	LastDelay	1.7741	1.7741e+06	1	6
5.3341	0	1	353	FullDelay	1.7741	1.7741e+06	1	6
5.34316	0	1	354	LastDelay	1.77634	1.77634e+06	1	6
5.34316	0	1	354	FullDelay	1.77634	1.77634e+06	1	6
5.36375	0	1	356	LastDelay	1.78327	1.78327e+06	1	6
5.36375	0	1	356	FullDelay	1.78327	1.78327e+06	1	6
5.37293	0	1	357	LastDelay	1.78563	1.78563e+06	1	6
5.37293	0	1	357	FullDelay	1.78563	1.78563e+06	1	6
5.38456	0	1	190	LastDelay	1.7836	1.7836e+06	1	2
5.38456	0	1	190	FullDelay	3.01923	3.01923e+06	2	2
5.39426	0	1	358	LastDelay	1.80013	1.80013e+06	1	6
5.39426	0	1	358	FullDelay	1.80013	1.80013e+06	1	6
5.41233	0	1	359	LastDelay	1.80454	1.80454e+06	1	6
5.41233	0	1	359	FullDelay	1.80454	1.80454e+06	1	6
5.423	0	1	360	LastDelay	1.80839	1.80839e+06	1	6
5.423	0	1	360	FullDelay	1.80839	1.80839e+06	1	6
5.43248	0	1	361	LastDelay	1.81104	1.81104e+06	1	6
5.43248	0	1	361	FullDelay	1.81104	1.81104e+06	1	6
5.44483	0	1	362	LastDelay	1.81656	1.81656e+06	1	6
5.44483	0	1	362	FullDelay	1.81656	1.81656e+06	1	6
5.47253	0	1	195	LastDelay	1.81695	1.81695e+06	1	2
5.47253	0	1	195	FullDelay	3.07306	3.07306e+06	2	2
5.48161	0	1	364	LastDelay	1.83969	1.83969e+06	1	6
5.48161	0	1	364	FullDelay	1.83969	1.83969e+06	1	6
5.49096	0	1	365	LastDelay	1.84221	1.84221e+06	1	6
5.49096	0	1	365	FullDelay	1.84221	1.84221e+06	1	6
5.5058	0	1	366	LastDelay	1.8434	1.8434e+06	1	6
5.5058	0	1	366	FullDelay	1.8434	1.8434e+06	1	6
5.51785	0	1	367	LastDelay	1.84862	1.84862e+06	1	6
5.51785	0	1	367	FullDelay	1.84862	1.84862e+06	1	6
5.52811	0	1	368	LastDelay	1.85206	1.85206e+06	1	6
5.52811	0	1	368	FullDelay	1.85206	1.85206e+06	1	6
5.54043	0	1	369	LastDelay	1.85755	1.85755e+06	1	6
5.54043	0	1	369	FullDelay	1.85755	1.85755e+06	1	6
5.55453	0	1	197	LastDelay	1.85117	1.85117e+06	1	2
5.55453	0	1	197	FullDelay	3.14141	3.14141e+06	2	2
5.56583	0	1	370	LastDelay	1.87612	1.87612e+06	1	6
5.56583	0	1	370	FullDelay	1.87612	1.87612e+06	1	6
5.57497	0	1	371	LastDelay	1.87844	1.87844e+06	1	6
5.57497	0	1	371	FullDelay	1.87844	1.87844e+06	1	6
5.58492	0	1	372	LastDelay	1.87474	1.87474e+06	1	6
5.58492	0	1	372	FullDelay	1.87474	1.87474e+06	1	6
5.59795	0	1	373	LastDelay	1.88094	1.88094e+06	1	6
5.59795	0	1	373	FullDelay	1.88094	1.88094e+06	1	6
5.60706	0	1	374	LastDelay	1.88322	1.88322e+06	1	6
5.60706	0	1	374	FullDelay	1.88322	1.88322e+06	1	6
5.61649	0	1	375	LastDelay	1.88582	1.88582e+06	1	6
5.61649	0	1	375	FullDelay	1.88582	1.88582e+06	1	6
5.6301	0	1	376	LastDelay	1.89261	1.89261e+06	1	6
5.6301	0	1	376	FullDelay	1.89261	1.89261e+06	1	6
5.63928	0	1	377	LastDelay	1.89496	1.89496e+06	1	6
5.63928	0	1	377	FullDelay	1.89496	1.89496e+06	1	6
5.65046	0	1	378	LastDelay	1.89932	1.89932e+06	1	6
5.65046	0	1	378	FullDelay	1.89932	1.89932e+06	1	6
5.66472	0	1	379	LastDelay	1.90675	1.90675e+06	1	6
5.66472	0	1	379	FullDelay	1.90675	1.90675e+06	1	6
5.67429	0	1	380	LastDelay	1.90949	1.90949e+06	1	6
5.67429	0	1	380	FullDelay	1.90949	1.90949e+06	1	6
5.69685	0	1	382	LastDelay	1.91839	1.91839e+06	1	6
5.69685	0	1	382	FullDelay	1.91839	1.91839e+06	1	6
5.71758	0	1	384	LastDelay	1.92548	1.92548e+06	1	6
5.71758	0	1	384	FullDelay	1.92548	1.92548e+06	1	6
5.73052	0	1	385	LastDelay	1.93159	1.93159e+06	1	6
5.73052	0	1	385	FullDelay	1.93159	1.93159e+06	1	6
5.73963	0	1	386	LastDelay	1.93387	1.93387e+06	1	6
5.73963	0	1	386	FullDelay	1.93387	1.93387e+06	1	6
5.75389	0	1	387	LastDelay	1.94131	1.94131e+06	1	6
5.75389	0	1	387	FullDelay	1.94131	1.94131e+06	1	6
5.76515	0	1	388	LastDelay	1.94573	1.94573e+06	1	6
5.76515	0	1	388	FullDelay	1.94573	1.94573e+06	1	6
5.77598	0	1	389	LastDelay	1.94975	1.94975e+06	1	6
5.77598	0	1	389	FullDelay	1.94975	1.94975e+06	1	6
5.78511	0	1	390	LastDelay	1.95204	1.95204e+06	1	6
5.78511	0	1	390	FullDelay	1.95204	1.95204e+06	1	6
5.80591	0	1	392	LastDelay	1.95919	1.95919e+06	1	6
5.80591	0	1	392	FullDelay	1.95919	1.95919e+06	1	6
5.81608	0	1	393	LastDelay	1.96253	1.96253e+06	1	6
5.81608	0	1	393	FullDelay	1.96253	1.96253e+06	1	6
5.82711	0	1	394	LastDelay	1.96674	1.96674e+06	1	6
5.82711	0	1	394	FullDelay	1.96674	1.96674e+06	1	6
5.85393	0	1	396	LastDelay	1.97991	1.97991e+06	1	6
5.85393	0	1	396	FullDelay	1.97991	1.97991e+06	1	6
5.8635	0	1	397	LastDelay	1.98265	1.98265e+06	1	6
5.8635	0	1	397	FullDelay	1.98265	1.98265e+06	1	6
5.88449	0	1	399	LastDelay	1.98999	1.98999e+06	1	6
5.88449	0	1	399	FullDelay	1.98999	1.98999e+06	1	6
5.89451	0	1	218	LastDelay	1.99317	1.99317e+06	1	2
5.89451	0	1	218	FullDelay	3.33803	3.33803e+06	2	2
5.90508	0	1	400	LastDelay	1.99692	1.99692e+06	1	6
5.90508	0	1	400	FullDelay	1.99692	1.99692e+06	1	6
