Time	Node	AppId	SeqNo	Type	DelayS	DelayUS	RetxCount	HopCount
1.01394	0	1	0	LastDelay	0.0139369	13936.9	1	6
1.01394	0	1	0	FullDelay	0.0139369	13936.9	1	6
1.02849	0	1	1	LastDelay	0.0216676	21667.6	1	6
1.02849	0	1	1	FullDelay	0.0216676	21667.6	1	6
1.06058	0	1	3	LastDelay	0.0400978	40097.8	1	6
1.06058	0	1	3	FullDelay	0.0400978	40097.8	1	6
1.07177	0	1	4	LastDelay	0.0444657	44465.7	1	6
1.07177	0	1	4	FullDelay	0.0444657	44465.7	1	6
1.08089	0	1	5	LastDelay	0.0467571	46757.1	1	6
1.08089	0	1	5	FullDelay	0.0467571	46757.1	1	6
1.09175	0	1	6	LastDelay	0.0507914	50791.4	1	6
1.09175	0	1	6	FullDelay	0.0507914	50791.4	1	6
1.11658	0	1	8	LastDelay	0.0619677	61967.7	1	6
1.11658	0	1	8	FullDelay	0.0619677	61967.7	1	6
1.12654	0	1	9	LastDelay	0.0651033	65103.3	1	6
1.12654	0	1	9	FullDelay	0.0651033	65103.3	1	6
1.13722	0	1	10	LastDelay	0.0689526	68952.6	1	6
1.13722	0	1	10	FullDelay	0.0689526	68952.6	1	6
1.14826	0	1	11	LastDelay	0.0731663	73166.3	1	6
1.14826	0	1	11	FullDelay	0.0731663	73166.3	1	6
1.15836	0	1	12	LastDelay	0.0764356	76435.6	1	6
1.15836	0	1	12	FullDelay	0.0764356	76435.6	1	6
1.17435	0	1	13	LastDelay	0.0856045	85604.5	1	6
1.17435	0	1	13	FullDelay	0.0856045	85604.5	1	6
1.18349	0	1	14	LastDelay	0.0879158	87915.8	1	6
1.18349	0	1	14	FullDelay	0.0879158	87915.8	1	6
1.19994	0	1	15	LastDelay	0.0975374	97537.4	1	6
1.19994	0	1	15	FullDelay	0.0975374	97537.4	1	6
1.21414	0	1	16	LastDelay	0.104909	104909	1	6
1.21414	0	1	16	FullDelay	0.104909	104909	1	6
1.22536	0	1	17	LastDelay	0.109311	109311	1	6
1.22536	0	1	17	FullDelay	0.109311	109311	1	6
1.23932	0	1	18	LastDelay	0.116443	116443	1	6
1.23932	0	1	18	FullDelay	0.116443	116443	1	6
1.24842	0	1	19	LastDelay	0.118714	118714	1	6
1.24842	0	1	19	FullDelay	0.118714	118714	1	6
1.25942	0	1	20	LastDelay	0.122882	122882	1	6
1.25942	0	1	20	FullDelay	0.122882	122882	1	6
1.2706	0	1	21	LastDelay	0.127244	127244	1	6
1.2706	0	1	21	FullDelay	0.127244	127244	1	6
1.28388	0	1	22	LastDelay	0.133696	133696	1	6
1.28388	0	1	22	FullDelay	0.133696	133696	1	6
1.29672	0	1	23	LastDelay	0.139707	139707	1	6
1.29672	0	1	23	FullDelay	0.139707	139707	1	6
1.30586	0	1	24	LastDelay	0.142018	142018	1	6
1.30586	0	1	24	FullDelay	0.142018	142018	1	6
1.32047	0	1	25	LastDelay	0.149802	149802	1	6
1.32047	0	1	25	FullDelay	0.149802	149802	1	6
1.33275	0	1	26	LastDelay	0.155256	155256	1	6
1.33275	0	1	26	FullDelay	0.155256	155256	1	6
1.34261	0	1	27	LastDelay	0.158287	158287	1	6
1.34261	0	1	27	FullDelay	0.158287	158287	1	6
1.35446	0	1	28	LastDelay	0.163314	163314	1	6
1.35446	0	1	28	FullDelay	0.163314	163314	1	6
1.36358	0	1	29	LastDelay	0.165605	165605	1	6
1.36358	0	1	29	FullDelay	0.165605	165605	1	6
1.3808	0	1	30	LastDelay	0.176004	176004	1	6
1.3808	0	1	30	FullDelay	0.176004	176004	1	6
1.39004	0	1	31	LastDelay	0.178416	178416	1	6
1.39004	0	1	31	FullDelay	0.178416	178416	1	6
1.40207	0	1	32	LastDelay	0.183616	183616	1	6
1.40207	0	1	32	FullDelay	0.183616	183616	1	6
1.41316	0	1	33	LastDelay	0.187878	187878	1	6
1.41316	0	1	33	FullDelay	0.187878	187878	1	6
1.42738	0	1	34	LastDelay	0.195269	195269	1	6
1.42738	0	1	34	FullDelay	0.195269	195269	1	6
1.446	0	1	35	LastDelay	0.20707	207070	1	6
1.446	0	1	35	FullDelay	0.20707	207070	1	6
1.45508	0	1	36	LastDelay	0.209322	209322	1	6
1.45508	0	1	36	FullDelay	0.209322	209322	1	6
1.47037	0	1	37	LastDelay	0.217779	217779	1	6
1.47037	0	1	37	FullDelay	0.217779	217779	1	6
1.483	0	1	38	LastDelay	0.22359	223590	1	6
1.483	0	1	38	FullDelay	0.22359	223590	1	6
1.4939	0	1	39	LastDelay	0.227664	227664	1	6
1.4939	0	1	39	FullDelay	0.227664	227664	1	6
1.503	0	1	40	LastDelay	0.229935	229935	1	6
1.503	0	1	40	FullDelay	0.229935	229935	1	6
1.51208	0	1	41	LastDelay	0.232186	232186	1	6
1.51208	0	1	41	FullDelay	0.232186	232186	1	6
1.55207	0	1	43	LastDelay	0.258525	258525	1	6
1.55207	0	1	43	FullDelay	0.258525	258525	1	6
1.56403	0	1	44	LastDelay	0.256828	256828	1	6
1.56403	0	1	44	FullDelay	0.256828	256828	1	6
1.57707	0	1	45	LastDelay	0.26304	263040	1	6
1.57707	0	1	45	FullDelay	0.26304	263040	1	6
1.59424	0	1	46	LastDelay	0.273387	273387	1	6
1.59424	0	1	46	FullDelay	0.273387	273387	1	6
1.61681	0	1	48	LastDelay	0.282307	282307	1	6
1.61681	0	1	48	FullDelay	0.282307	282307	1	6
1.642	0	1	50	LastDelay	0.293841	293841	1	6
1.642	0	1	50	FullDelay	0.293841	293841	1	6
1.65288	0	1	7	LastDelay	0.297889	297889	1	2
1.65288	0	1	7	FullDelay	0.605089	605089	2	2
1.67278	0	1	51	LastDelay	0.31097	310970	1	6
1.67278	0	1	51	FullDelay	0.31097	310970	1	6
1.68362	0	1	52	LastDelay	0.314984	314984	1	6
1.68362	0	1	52	FullDelay	0.314984	314984	1	6
1.69448	0	1	53	LastDelay	0.319012	319012	1	6
1.69448	0	1	53	FullDelay	0.319012	319012	1	6
1.71713	0	1	54	LastDelay	0.33484	334840	1	6
1.71713	0	1	54	FullDelay	0.33484	334840	1	6
1.72781	0	1	55	LastDelay	0.338692	338692	1	6
1.72781	0	1	55	FullDelay	0.338692	338692	1	6
1.73703	0	1	56	LastDelay	0.341083	341083	1	6
1.73703	0	1	56	FullDelay	0.341083	341083	1	6
1.75848	0	1	58	LastDelay	0.348884	348884	1	6
1.75848	0	1	58	FullDelay	0.348884	348884	1	6
1.7702	0	1	59	LastDelay	0.353773	353773	1	6
1.7702	0	1	59	FullDelay	0.353773	353773	1	6
1.78016	0	1	60	LastDelay	0.356905	356905	1	6
1.78016	0	1	60	FullDelay	0.356905	356905	1	6
1.79343	0	1	61	LastDelay	0.363351	363351	1	6
1.79343	0	1	61	FullDelay	0.363351	363351	1	6
1.80261	0	1	62	LastDelay	0.365703	365703	1	6
1.80261	0	1	62	FullDelay	0.365703	365703	1	6
1.81534	0	1	63	LastDelay	0.37161	371610	1	6
1.81534	0	1	63	FullDelay	0.37161	371610	1	6
1.82778	0	1	64	LastDelay	0.37722	377220	1	6
1.82778	0	1	64	FullDelay	0.37722	377220	1	6
1.84108	0	1	65	LastDelay	0.383698	383698	1	6
1.84108	0	1	65	FullDelay	0.383698	383698	1	6
1.8522	0	1	66	LastDelay	0.387983	387983	1	6
1.8522	0	1	66	FullDelay	0.387983	387983	1	6
1.86231	0	1	67	LastDelay	0.391273	391273	1	6
1.86231	0	1	67	FullDelay	0.391273	391273	1	6
1.87366	0	1	68	LastDelay	0.395794	395794	1	6
1.87366	0	1	68	FullDelay	0.395794	395794	1	6
1.88982	0	1	69	LastDelay	0.405126	405126	1	6
1.88982	0	1	69	FullDelay	0.405126	405126	1	6
1.90981	0	1	71	LastDelay	0.411465	411465	1	6
1.90981	0	1	71	FullDelay	0.411465	411465	1	6
1.91969	0	1	72	LastDelay	0.414517	414517	1	6
1.91969	0	1	72	FullDelay	0.414517	414517	1	6
1.94228	0	1	74	LastDelay	0.423458	423458	1	6
1.94228	0	1	74	FullDelay	0.423458	423458	1	6
1.95394	0	1	75	LastDelay	0.428285	428285	1	6
1.95394	0	1	75	FullDelay	0.428285	428285	1	6
1.96403	0	1	76	LastDelay	0.431554	431554	1	6
1.96403	0	1	76	FullDelay	0.431554	431554	1	6
1.97413	0	1	77	LastDelay	0.434824	434824	1	6
1.97413	0	1	77	FullDelay	0.434824	434824	1	6
1.98601	0	1	78	LastDelay	0.439882	439882	1	6
1.98601	0	1	78	FullDelay	0.439882	439882	1	6
1.99972	0	1	79	LastDelay	0.446757	446757	1	6
1.99972	0	1	79	FullDelay	0.446757	446757	1	6
2.02496	0	1	81	LastDelay	0.458343	458343	1	6
2.02496	0	1	81	FullDelay	0.458343	458343	1	6
2.0368	0	1	82	LastDelay	0.463362	463362	1	6
2.0368	0	1	82	FullDelay	0.463362	463362	1	6
2.05368	0	1	83	LastDelay	0.473418	473418	1	6
2.05368	0	1	83	FullDelay	0.473418	473418	1	6
2.06546	0	1	84	LastDelay	0.478371	478371	1	6
2.06546	0	1	84	FullDelay	0.478371	478371	1	6
2.07884	0	1	85	LastDelay	0.484923	484923	1	6
2.07884	0	1	85	FullDelay	0.484923	484923	1	6
2.0952	0	1	86	LastDelay	0.49445	494450	1	6
2.0952	0	1	86	FullDelay	0.49445	494450	1	6
2.10598	0	1	87	LastDelay	0.498402	498402	1	6
2.10598	0	1	87	FullDelay	0.498402	498402	1	6
2.11819	0	1	88	LastDelay	0.503792	503792	1	6
2.11819	0	1	88	FullDelay	0.503792	503792	1	6
2.12811	0	1	89	LastDelay	0.506882	506882	1	6
2.12811	0	1	89	FullDelay	0.506882	506882	1	6
2.14954	0	1	91	LastDelay	0.514663	514663	1	6
2.14954	0	1	91	FullDelay	0.514663	514663	1	6
2.1626	0	1	92	LastDelay	0.520893	520893	1	6
2.1626	0	1	92	FullDelay	0.520893	520893	1	6
2.17831	0	1	93	LastDelay	0.52978	529780	1	6
2.17831	0	1	93	FullDelay	0.52978	529780	1	6
2.18971	0	1	94	LastDelay	0.534353	534353	1	6
2.18971	0	1	94	FullDelay	0.534353	534353	1	6
2.20469	0	1	95	LastDelay	0.542508	542508	1	6
2.20469	0	1	95	FullDelay	0.542508	542508	1	6
2.21499	0	1	96	LastDelay	0.545975	545975	1	6
2.21499	0	1	96	FullDelay	0.545975	545975	1	6
2.23183	0	1	97	LastDelay	0.555991	555991	1	6
2.23183	0	1	97	FullDelay	0.555991	555991	1	6
2.24193	0	1	98	LastDelay	0.559261	559261	1	6
2.24193	0	1	98	FullDelay	0.559261	559261	1	6
2.25402	0	1	99	LastDelay	0.564525	564525	1	6
2.25402	0	1	99	FullDelay	0.564525	564525	1	6
2.26766	0	1	100	LastDelay	0.571344	571344	1	6
2.26766	0	1	100	FullDelay	0.571344	571344	1	6
2.27704	0	1	101	LastDelay	0.573892	573892	1	6
2.27704	0	1	101	FullDelay	0.573892	573892	1	6
2.29073	0	1	102	LastDelay	0.580761	580761	1	6
2.29073	0	1	102	FullDelay	0.580761	580761	1	6
2.30095	0	1	103	LastDelay	0.584148	584148	1	6
2.30095	0	1	103	FullDelay	0.584148	584148	1	6
2.31044	0	1	104	LastDelay	0.586815	586815	1	6
2.31044	0	1	104	FullDelay	0.586815	586815	1	6
2.32155	0	1	105	LastDelay	0.591099	591099	1	6
2.32155	0	1	105	FullDelay	0.591099	591099	1	6
2.3364	0	1	106	LastDelay	0.599116	599116	1	6
2.3364	0	1	106	FullDelay	0.599116	599116	1	6
2.34815	0	1	107	LastDelay	0.604042	604042	1	6
2.34815	0	1	107	FullDelay	0.604042	604042	1	6
2.36482	0	1	108	LastDelay	0.613885	613885	1	6
2.36482	0	1	108	FullDelay	0.613885	613885	1	6
2.37714	0	1	109	LastDelay	0.619383	619383	1	6
2.37714	0	1	109	FullDelay	0.619383	619383	1	6
2.38622	0	1	110	LastDelay	0.621634	621634	1	6
2.38622	0	1	110	FullDelay	0.621634	621634	1	6
2.40633	0	1	112	LastDelay	0.628094	628094	1	6
2.40633	0	1	112	FullDelay	0.628094	628094	1	6
2.41774	0	1	113	LastDelay	0.632674	632674	1	6
2.41774	0	1	113	FullDelay	0.632674	632674	1	6
2.44309	0	1	115	LastDelay	0.644369	644369	1	6
2.44309	0	1	115	FullDelay	0.644369	644369	1	6
2.45359	0	1	116	LastDelay	0.648048	648048	1	6
2.45359	0	1	116	FullDelay	0.648048	648048	1	6
2.46796	0	1	117	LastDelay	0.655589	655589	1	6
2.46796	0	1	117	FullDelay	0.655589	655589	1	6
2.47716	0	1	118	LastDelay	0.65796	657960	1	6
2.47716	0	1	118	FullDelay	0.65796	657960	1	6
2.49614	0	1	119	LastDelay	0.670112	670112	1	6
2.49614	0	1	119	FullDelay	0.670112	670112	1	6
2.50532	0	1	120	LastDelay	0.672463	672463	1	6
2.50532	0	1	120	FullDelay	0.672463	672463	1	6
2.51576	0	1	121	LastDelay	0.676082	676082	1	6
2.51576	0	1	121	FullDelay	0.676082	676082	1	6
2.52484	0	1	122	LastDelay	0.678333	678333	1	6
2.52484	0	1	122	FullDelay	0.678333	678333	1	6
2.53577	0	1	2	LastDelay	0.682441	682441	1	2
2.53577	0	1	2	FullDelay	1.52212	1.52212e+06	3	2
2.54663	0	1	42	LastDelay	0.686469	686469	1	2
2.54663	0	1	42	FullDelay	1.25991	1.25991e+06	2	2
2.55848	0	1	123	LastDelay	0.691494	691494	1	6
2.55848	0	1	123	FullDelay	0.691494	691494	1	6
2.57103	0	1	124	LastDelay	0.697214	697214	1	6
2.57103	0	1	124	FullDelay	0.697214	697214	1	6
2.58217	0	1	125	LastDelay	0.701527	701527	1	6
2.58217	0	1	125	FullDelay	0.701527	701527	1	6
2.59155	0	1	126	LastDelay	0.704083	704083	1	6
2.59155	0	1	126	FullDelay	0.704083	704083	1	6
2.61195	0	1	47	LastDelay	0.710826	710826	1	2
2.61195	0	1	47	FullDelay	1.28427	1.28427e+06	2	2
2.62323	0	1	49	LastDelay	0.715278	715278	1	2
2.62323	0	1	49	FullDelay	1.28189	1.28189e+06	2	2
2.63685	0	1	128	LastDelay	0.722076	722076	1	6
2.63685	0	1	128	FullDelay	0.722076	722076	1	6
2.64819	0	1	129	LastDelay	0.726593	726593	1	6
2.64819	0	1	129	FullDelay	0.726593	726593	1	6
2.66387	0	1	130	LastDelay	0.735442	735442	1	6
2.66387	0	1	130	FullDelay	0.735442	735442	1	6
2.67351	0	1	131	LastDelay	0.738262	738262	1	6
2.67351	0	1	131	FullDelay	0.738262	738262	1	6
2.6841	0	1	132	LastDelay	0.74202	742020	1	6
2.6841	0	1	132	FullDelay	0.74202	742020	1	6
2.69656	0	1	133	LastDelay	0.747655	747655	1	6
2.69656	0	1	133	FullDelay	0.747655	747655	1	6
2.70654	0	1	134	LastDelay	0.750804	750804	1	6
2.70654	0	1	134	FullDelay	0.750804	750804	1	6
2.72262	0	1	135	LastDelay	0.760065	760065	1	6
2.72262	0	1	135	FullDelay	0.760065	760065	1	6
2.73896	0	1	136	LastDelay	0.769573	769573	1	6
2.73896	0	1	136	FullDelay	0.769573	769573	1	6
2.75046	0	1	137	LastDelay	0.774251	774251	1	6
2.75046	0	1	137	FullDelay	0.774251	774251	1	6
2.75956	0	1	138	LastDelay	0.776522	776522	1	6
2.75956	0	1	138	FullDelay	0.776522	776522	1	6
2.7711	0	1	139	LastDelay	0.781237	781237	1	6
2.7711	0	1	139	FullDelay	0.781237	781237	1	6
2.79366	0	1	57	LastDelay	0.790137	790137	1	2
2.79366	0	1	57	FullDelay	1.39088	1.39088e+06	2	2
2.80548	0	1	141	LastDelay	0.79513	795130	1	6
2.80548	0	1	141	FullDelay	0.79513	795130	1	6
2.81915	0	1	142	LastDelay	0.801974	801974	1	6
2.81915	0	1	142	FullDelay	0.801974	801974	1	6
2.82907	0	1	143	LastDelay	0.80507	805070	1	6
2.82907	0	1	143	FullDelay	0.80507	805070	1	6
2.84334	0	1	144	LastDelay	0.812518	812518	1	6
2.84334	0	1	144	FullDelay	0.812518	812518	1	6
2.85448	0	1	145	LastDelay	0.816822	816822	1	6
2.85448	0	1	145	FullDelay	0.816822	816822	1	6
2.86603	0	1	146	LastDelay	0.821549	821549	1	6
2.86603	0	1	146	FullDelay	0.821549	821549	1	6
2.87603	0	1	147	LastDelay	0.824719	824719	1	6
2.87603	0	1	147	FullDelay	0.824719	824719	1	6
2.88632	0	1	148	LastDelay	0.828189	828189	1	6
2.88632	0	1	148	FullDelay	0.828189	828189	1	6
2.89947	0	1	149	LastDelay	0.834514	834514	1	6
2.89947	0	1	149	FullDelay	0.834514	834514	1	6
2.90859	0	1	150	LastDelay	0.836805	836805	1	6
2.90859	0	1	150	FullDelay	0.836805	836805	1	6
2.94431	0	1	153	LastDelay	0.852047	852047	1	6
2.94431	0	1	153	FullDelay	0.852047	852047	1	6
2.95837	0	1	154	LastDelay	0.859279	859279	1	6
2.95837	0	1	154	FullDelay	0.859279	859279	1	6
2.96903	0	1	155	LastDelay	0.863108	863108	1	6
2.96903	0	1	155	FullDelay	0.863108	863108	1	6
3.00215	0	1	158	LastDelay	0.875752	875752	1	6
3.00215	0	1	158	FullDelay	0.875752	875752	1	6
3.015	0	1	159	LastDelay	0.881775	881775	1	6
3.015	0	1	159	FullDelay	0.881775	881775	1	6
3.02414	0	1	160	LastDelay	0.884087	884087	1	6
3.02414	0	1	160	FullDelay	0.884087	884087	1	6
3.03322	0	1	161	LastDelay	0.886338	886338	1	6
3.03322	0	1	161	FullDelay	0.886338	886338	1	6
3.04248	0	1	162	LastDelay	0.888769	888769	1	6
3.04248	0	1	162	FullDelay	0.888769	888769	1	6
3.05461	0	1	163	LastDelay	0.894075	894075	1	6
3.05461	0	1	163	FullDelay	0.894075	894075	1	6
3.06468	0	1	164	LastDelay	0.897324	897324	1	6
3.06468	0	1	164	FullDelay	0.897324	897324	1	6
3.07462	0	1	165	LastDelay	0.900434	900434	1	6
3.07462	0	1	165	FullDelay	0.900434	900434	1	6
3.08448	0	1	166	LastDelay	0.903465	903465	1	6
3.08448	0	1	166	FullDelay	0.903465	903465	1	6
3.0966	0	1	167	LastDelay	0.908763	908763	1	6
3.0966	0	1	167	FullDelay	0.908763	908763	1	6
3.11684	0	1	70	LastDelay	0.915343	915343	1	2
3.11684	0	1	70	FullDelay	1.62532	1.62532e+06	2	2
3.12807	0	1	169	LastDelay	0.91975	919750	1	6
3.12807	0	1	169	FullDelay	0.91975	919750	1	6
3.13845	0	1	170	LastDelay	0.923301	923301	1	6
3.13845	0	1	170	FullDelay	0.923301	923301	1	6
3.15076	0	1	171	LastDelay	0.928788	928788	1	6
3.15076	0	1	171	FullDelay	0.928788	928788	1	6
3.16299	0	1	172	LastDelay	0.934195	934195	1	6
3.16299	0	1	172	FullDelay	0.934195	934195	1	6
3.17487	0	1	173	LastDelay	0.939243	939243	1	6
3.17487	0	1	173	FullDelay	0.939243	939243	1	6
3.18531	0	1	174	LastDelay	0.942852	942852	1	6
3.18531	0	1	174	FullDelay	0.942852	942852	1	6
3.19831	0	1	73	LastDelay	0.942199	942199	1	2
3.19831	0	1	73	FullDelay	1.68631	1.68631e+06	2	2
3.21103	0	1	175	LastDelay	0.961751	961751	1	6
3.21103	0	1	175	FullDelay	0.961751	961751	1	6
3.22009	0	1	176	LastDelay	0.957156	957156	1	6
3.22009	0	1	176	FullDelay	0.957156	957156	1	6
3.23033	0	1	177	LastDelay	0.960574	960574	1	6
3.23033	0	1	177	FullDelay	0.960574	960574	1	6
3.24351	0	1	178	LastDelay	0.966923	966923	1	6
3.24351	0	1	178	FullDelay	0.966923	966923	1	6
3.25465	0	1	179	LastDelay	0.971239	971239	1	6
3.25465	0	1	179	FullDelay	0.971239	971239	1	6
3.26876	0	1	180	LastDelay	0.978519	978519	1	6
3.26876	0	1	180	FullDelay	0.978519	978519	1	6
3.2786	0	1	181	LastDelay	0.98153	981530	1	6
3.2786	0	1	181	FullDelay	0.98153	981530	1	6
3.28971	0	1	80	LastDelay	0.985818	985818	1	2
3.28971	0	1	80	FullDelay	1.72992	1.72992e+06	2	2
3.30168	0	1	182	LastDelay	0.990965	990965	1	6
3.30168	0	1	182	FullDelay	0.990965	990965	1	6
3.31652	0	1	183	LastDelay	0.998975	998975	1	6
3.31652	0	1	183	FullDelay	0.998975	998975	1	6
3.32568	0	1	184	LastDelay	1.00131	1.00131e+06	1	6
3.32568	0	1	184	FullDelay	1.00131	1.00131e+06	1	6
3.34844	0	1	186	LastDelay	1.01042	1.01042e+06	1	6
3.34844	0	1	186	FullDelay	1.01042	1.01042e+06	1	6
3.35776	0	1	187	LastDelay	1.01291	1.01291e+06	1	6
3.35776	0	1	187	FullDelay	1.01291	1.01291e+06	1	6
3.38222	0	1	189	LastDelay	1.02372	1.02372e+06	1	6
3.38222	0	1	189	FullDelay	1.02372	1.02372e+06	1	6
3.39341	0	1	190	LastDelay	1.02807	1.02807e+06	1	6
3.39341	0	1	190	FullDelay	1.02807	1.02807e+06	1	6
3.40251	0	1	191	LastDelay	1.03035	1.03035e+06	1	6
3.40251	0	1	191	FullDelay	1.03035	1.03035e+06	1	6
3.41561	0	1	192	LastDelay	1.03662	1.03662e+06	1	6
3.41561	0	1	192	FullDelay	1.03662	1.03662e+06	1	6
3.43486	0	1	194	LastDelay	1.04222	1.04222e+06	1	6
3.43486	0	1	194	FullDelay	1.04222	1.04222e+06	1	6
3.44587	0	1	90	LastDelay	1.03958	1.03958e+06	1	2
3.44587	0	1	90	FullDelay	1.81782	1.81782e+06	2	2
3.45533	0	1	195	LastDelay	1.05586	1.05586e+06	1	6
3.45533	0	1	195	FullDelay	1.05586	1.05586e+06	1	6
3.47023	0	1	196	LastDelay	1.05711	1.05711e+06	1	6
3.47023	0	1	196	FullDelay	1.05711	1.05711e+06	1	6
3.48005	0	1	197	LastDelay	1.0601	1.0601e+06	1	6
3.48005	0	1	197	FullDelay	1.0601	1.0601e+06	1	6
3.48964	0	1	198	LastDelay	1.06287	1.06287e+06	1	6
3.48964	0	1	198	FullDelay	1.06287	1.06287e+06	1	6
3.50543	0	1	199	LastDelay	1.07183	1.07183e+06	1	6
3.50543	0	1	199	FullDelay	1.07183	1.07183e+06	1	6
3.51482	0	1	200	LastDelay	1.0744	1.0744e+06	1	6
3.51482	0	1	200	FullDelay	1.0744	1.0744e+06	1	6
3.52479	0	1	201	LastDelay	1.07754	1.07754e+06	1	6
3.52479	0	1	201	FullDelay	1.07754	1.07754e+06	1	6
3.53426	0	1	202	LastDelay	1.08018	1.08018e+06	1	6
3.53426	0	1	202	FullDelay	1.08018	1.08018e+06	1	6
3.55017	0	1	203	LastDelay	1.08926	1.08926e+06	1	6
3.55017	0	1	203	FullDelay	1.08926	1.08926e+06	1	6
3.55954	0	1	204	LastDelay	1.0918	1.0918e+06	1	6
3.55954	0	1	204	FullDelay	1.0918	1.0918e+06	1	6
3.5698	0	1	205	LastDelay	1.09524	1.09524e+06	1	6
3.5698	0	1	205	FullDelay	1.09524	1.09524e+06	1	6
3.58097	0	1	206	LastDelay	1.09958	1.09958e+06	1	6
3.58097	0	1	206	FullDelay	1.09958	1.09958e+06	1	6
3.59208	0	1	207	LastDelay	1.10387	1.10387e+06	1	6
3.59208	0	1	207	FullDelay	1.10387	1.10387e+06	1	6
3.61799	0	1	209	LastDelay	1.11613	1.11613e+06	1	6
3.61799	0	1	209	FullDelay	1.11613	1.11613e+06	1	6
3.62711	0	1	210	LastDelay	1.11842	1.11842e+06	1	6
3.62711	0	1	210	FullDelay	1.11842	1.11842e+06	1	6
3.6418	0	1	211	LastDelay	1.12628	1.12628e+06	1	6
3.6418	0	1	211	FullDelay	1.12628	1.12628e+06	1	6
3.65284	0	1	212	LastDelay	1.13049	1.13049e+06	1	6
3.65284	0	1	212	FullDelay	1.13049	1.13049e+06	1	6
3.66458	0	1	213	LastDelay	1.1354	1.1354e+06	1	6
3.66458	0	1	213	FullDelay	1.1354	1.1354e+06	1	6
3.67393	0	1	214	LastDelay	1.13793	1.13793e+06	1	6
3.67393	0	1	214	FullDelay	1.13793	1.13793e+06	1	6
3.69941	0	1	216	LastDelay	1.14976	1.14976e+06	1	6
3.69941	0	1	216	FullDelay	1.14976	1.14976e+06	1	6
3.70851	0	1	217	LastDelay	1.15203	1.15203e+06	1	6
3.70851	0	1	217	FullDelay	1.15203	1.15203e+06	1	6
3.72771	0	1	219	LastDelay	1.15757	1.15757e+06	1	6
3.72771	0	1	219	FullDelay	1.15757	1.15757e+06	1	6
3.74051	0	1	220	LastDelay	1.16355	1.16355e+06	1	6
3.74051	0	1	220	FullDelay	1.16355	1.16355e+06	1	6
3.75144	0	1	221	LastDelay	1.16765	1.16765e+06	1	6
3.75144	0	1	221	FullDelay	1.16765	1.16765e+06	1	6
3.76073	0	1	222	LastDelay	1.17012	1.17012e+06	1	6
3.76073	0	1	222	FullDelay	1.17012	1.17012e+06	1	6
3.78227	0	1	224	LastDelay	1.17801	1.17801e+06	1	6
3.78227	0	1	224	FullDelay	1.17801	1.17801e+06	1	6
3.793	0	1	225	LastDelay	1.18191	1.18191e+06	1	6
3.793	0	1	225	FullDelay	1.18191	1.18191e+06	1	6
3.8143	0	1	227	LastDelay	1.18955	1.18955e+06	1	6
3.8143	0	1	227	FullDelay	1.18955	1.18955e+06	1	6
3.82665	0	1	228	LastDelay	1.19508	1.19508e+06	1	6
3.82665	0	1	228	FullDelay	1.19508	1.19508e+06	1	6
3.83741	0	1	229	LastDelay	1.19901	1.19901e+06	1	6
3.83741	0	1	229	FullDelay	1.19901	1.19901e+06	1	6
3.85891	0	1	231	LastDelay	1.20685	1.20685e+06	1	6
3.85891	0	1	231	FullDelay	1.20685	1.20685e+06	1	6
3.86885	0	1	232	LastDelay	1.20997	1.20997e+06	1	6
3.86885	0	1	232	FullDelay	1.20997	1.20997e+06	1	6
3.87909	0	1	233	LastDelay	1.21338	1.21338e+06	1	6
3.87909	0	1	233	FullDelay	1.21338	1.21338e+06	1	6
3.89124	0	1	234	LastDelay	1.21871	1.21871e+06	1	6
3.89124	0	1	234	FullDelay	1.21871	1.21871e+06	1	6
3.91498	0	1	236	LastDelay	1.22879	1.22879e+06	1	6
3.91498	0	1	236	FullDelay	1.22879	1.22879e+06	1	6
3.92613	0	1	237	LastDelay	1.23311	1.23311e+06	1	6
3.92613	0	1	237	FullDelay	1.23311	1.23311e+06	1	6
3.94062	0	1	111	LastDelay	1.23396	1.23396e+06	1	2
3.94062	0	1	111	FullDelay	2.16921	2.16921e+06	2	2
3.95002	0	1	238	LastDelay	1.25018	1.25018e+06	1	6
3.95002	0	1	238	FullDelay	1.25018	1.25018e+06	1	6
3.96238	0	1	114	LastDelay	1.24889	1.24889e+06	1	2
3.96238	0	1	114	FullDelay	2.17049	2.17049e+06	2	2
3.97574	0	1	239	LastDelay	1.25542	1.25542e+06	1	6
3.97574	0	1	239	FullDelay	1.25542	1.25542e+06	1	6
4.0018	0	1	241	LastDelay	1.26783	1.26783e+06	1	6
4.0018	0	1	241	FullDelay	1.26783	1.26783e+06	1	6
4.01952	0	1	242	LastDelay	1.27872	1.27872e+06	1	6
4.01952	0	1	242	FullDelay	1.27872	1.27872e+06	1	6
4.02872	0	1	243	LastDelay	1.28109	1.28109e+06	1	6
4.02872	0	1	243	FullDelay	1.28109	1.28109e+06	1	6
4.03811	0	1	244	LastDelay	1.28365	1.28365e+06	1	6
4.03811	0	1	244	FullDelay	1.28365	1.28365e+06	1	6
4.05813	0	1	246	LastDelay	1.29002	1.29002e+06	1	6
4.05813	0	1	246	FullDelay	1.29002	1.29002e+06	1	6
4.07132	0	1	247	LastDelay	1.29639	1.29639e+06	1	6
4.07132	0	1	247	FullDelay	1.29639	1.29639e+06	1	6
4.08042	0	1	248	LastDelay	1.29866	1.29866e+06	1	6
4.08042	0	1	248	FullDelay	1.29866	1.29866e+06	1	6
4.091	0	1	249	LastDelay	1.30241	1.30241e+06	1	6
4.091	0	1	249	FullDelay	1.30241	1.30241e+06	1	6
4.10259	0	1	250	LastDelay	1.30717	1.30717e+06	1	6
4.10259	0	1	250	FullDelay	1.30717	1.30717e+06	1	6
4.11726	0	1	251	LastDelay	1.31502	1.31502e+06	1	6
4.11726	0	1	251	FullDelay	1.31502	1.31502e+06	1	6
4.12723	0	1	252	LastDelay	1.31816	1.31816e+06	1	6
4.12723	0	1	252	FullDelay	1.31816	1.31816e+06	1	6
4.13754	0	1	253	LastDelay	1.32164	1.32164e+06	1	6
4.13754	0	1	253	FullDelay	1.32164	1.32164e+06	1	6
4.15873	0	1	255	LastDelay	1.32918	1.32918e+06	1	6
4.15873	0	1	255	FullDelay	1.32918	1.32918e+06	1	6
4.17109	0	1	256	LastDelay	1.33472	1.33472e+06	1	6
4.17109	0	1	256	FullDelay	1.33472	1.33472e+06	1	6
4.18217	0	1	257	LastDelay	1.33897	1.33897e+06	1	6
4.18217	0	1	257	FullDelay	1.33897	1.33897e+06	1	6
4.2052	0	1	259	LastDelay	1.34835	1.34835e+06	1	6
4.2052	0	1	259	FullDelay	1.34835	1.34835e+06	1	6
4.22265	0	1	260	LastDelay	1.35897	1.35897e+06	1	6
4.22265	0	1	260	FullDelay	1.35897	1.35897e+06	1	6
4.23376	0	1	261	LastDelay	1.36326	1.36326e+06	1	6
4.23376	0	1	261	FullDelay	1.36326	1.36326e+06	1	6
4.24283	0	1	262	LastDelay	1.3655	1.3655e+06	1	6
4.24283	0	1	262	FullDelay	1.3655	1.3655e+06	1	6
4.25319	0	1	263	LastDelay	1.36903	1.36903e+06	1	6
4.25319	0	1	263	FullDelay	1.36903	1.36903e+06	1	6
4.27769	0	1	127	LastDelay	1.37305	1.37305e+06	1	2
4.27769	0	1	127	FullDelay	2.3834	2.3834e+06	2	2
4.2876	0	1	265	LastDelay	1.38979	1.38979e+06	1	6
4.2876	0	1	265	FullDelay	1.38979	1.38979e+06	1	6
4.29852	0	1	266	LastDelay	1.38705	1.38705e+06	1	6
4.29852	0	1	266	FullDelay	1.38705	1.38705e+06	1	6
4.30871	0	1	267	LastDelay	1.39041	1.39041e+06	1	6
4.30871	0	1	267	FullDelay	1.39041	1.39041e+06	1	6
4.31981	0	1	268	LastDelay	1.39469	1.39469e+06	1	6
4.31981	0	1	268	FullDelay	1.39469	1.39469e+06	1	6
4.32895	0	1	269	LastDelay	1.39701	1.39701e+06	1	6
4.32895	0	1	269	FullDelay	1.39701	1.39701e+06	1	6
4.33997	0	1	270	LastDelay	1.4012	1.4012e+06	1	6
4.33997	0	1	270	FullDelay	1.4012	1.4012e+06	1	6
4.34924	0	1	271	LastDelay	1.40364	1.40364e+06	1	6
4.34924	0	1	271	FullDelay	1.40364	1.40364e+06	1	6
4.36041	0	1	272	LastDelay	1.40799	1.40799e+06	1	6
4.36041	0	1	272	FullDelay	1.40799	1.40799e+06	1	6
4.36964	0	1	273	LastDelay	1.41039	1.41039e+06	1	6
4.36964	0	1	273	FullDelay	1.41039	1.41039e+06	1	6
4.38032	0	1	274	LastDelay	1.41424	1.41424e+06	1	6
4.38032	0	1	274	FullDelay	1.41424	1.41424e+06	1	6
4.39172	0	1	275	LastDelay	1.41881	1.41881e+06	1	6
4.39172	0	1	275	FullDelay	1.41881	1.41881e+06	1	6
4.41357	0	1	277	LastDelay	1.42701	1.42701e+06	1	6
4.41357	0	1	277	FullDelay	1.42701	1.42701e+06	1	6
4.42391	0	1	278	LastDelay	1.43053	1.43053e+06	1	6
4.42391	0	1	278	FullDelay	1.43053	1.43053e+06	1	6
4.44609	0	1	280	LastDelay	1.43905	1.43905e+06	1	6
4.44609	0	1	280	FullDelay	1.43905	1.43905e+06	1	6
4.4555	0	1	281	LastDelay	1.44163	1.44163e+06	1	6
4.4555	0	1	281	FullDelay	1.44163	1.44163e+06	1	6
4.46595	0	1	282	LastDelay	1.44526	1.44526e+06	1	6
4.46595	0	1	282	FullDelay	1.44526	1.44526e+06	1	6
4.47703	0	1	283	LastDelay	1.44951	1.44951e+06	1	6
4.47703	0	1	283	FullDelay	1.44951	1.44951e+06	1	6
4.49272	0	1	140	LastDelay	1.43789	1.43789e+06	1	2
4.49272	0	1	140	FullDelay	2.49602	2.49602e+06	2	2
4.50574	0	1	284	LastDelay	1.4714	1.4714e+06	1	6
4.50574	0	1	284	FullDelay	1.4714	1.4714e+06	1	6
4.51605	0	1	285	LastDelay	1.47488	1.47488e+06	1	6
4.51605	0	1	285	FullDelay	1.47488	1.47488e+06	1	6
4.52603	0	1	286	LastDelay	1.47803	1.47803e+06	1	6
4.52603	0	1	286	FullDelay	1.47803	1.47803e+06	1	6
4.53663	0	1	287	LastDelay	1.47498	1.47498e+06	1	6
4.53663	0	1	287	FullDelay	1.47498	1.47498e+06	1	6
4.54885	0	1	288	LastDelay	1.48037	1.48037e+06	1	6
4.54885	0	1	288	FullDelay	1.48037	1.48037e+06	1	6
4.55962	0	1	289	LastDelay	1.48432	1.48432e+06	1	6
4.55962	0	1	289	FullDelay	1.48432	1.48432e+06	1	6
4.56982	0	1	290	LastDelay	1.48768	1.48768e+06	1	6
4.56982	0	1	290	FullDelay	1.48768	1.48768e+06	1	6
4.58686	0	1	291	LastDelay	1.4979	1.4979e+06	1	6
4.58686	0	1	291	FullDelay	1.4979	1.4979e+06	1	6
4.59774	0	1	292	LastDelay	1.50195	1.50195e+06	1	6
4.59774	0	1	292	FullDelay	1.50195	1.50195e+06	1	6
4.60869	0	1	293	LastDelay	1.50608	1.50608e+06	1	6
4.60869	0	1	293	FullDelay	1.50608	1.50608e+06	1	6
4.62073	0	1	294	LastDelay	1.51129	1.51129e+06	1	6
4.62073	0	1	294	FullDelay	1.51129	1.51129e+06	1	6
4.63064	0	1	295	LastDelay	1.51438	1.51438e+06	1	6
4.63064	0	1	295	FullDelay	1.51438	1.51438e+06	1	6
4.64179	0	1	296	LastDelay	1.5187	1.5187e+06	1	6
4.64179	0	1	296	FullDelay	1.5187	1.5187e+06	1	6
4.65219	0	1	297	LastDelay	1.52227	1.52227e+06	1	6
4.65219	0	1	297	FullDelay	1.52227	1.52227e+06	1	6
4.6721	0	1	151	LastDelay	1.5217	1.5217e+06	1	2
4.6721	0	1	151	FullDelay	2.59349	2.59349e+06	2	2
4.68239	0	1	298	LastDelay	1.54564	1.54564e+06	1	6
4.68239	0	1	298	FullDelay	1.54564	1.54564e+06	1	6
4.69258	0	1	299	LastDelay	1.54901	1.54901e+06	1	6
4.69258	0	1	299	FullDelay	1.54901	1.54901e+06	1	6
4.70384	0	1	152	LastDelay	1.54661	1.54661e+06	1	2
4.70384	0	1	152	FullDelay	2.6184	2.6184e+06	2	2
4.71588	0	1	300	LastDelay	1.55182	1.55182e+06	1	6
4.71588	0	1	300	FullDelay	1.55182	1.55182e+06	1	6
4.72595	0	1	301	LastDelay	1.55507	1.55507e+06	1	6
4.72595	0	1	301	FullDelay	1.55507	1.55507e+06	1	6
4.73588	0	1	302	LastDelay	1.55818	1.55818e+06	1	6
4.73588	0	1	302	FullDelay	1.55818	1.55818e+06	1	6
4.74705	0	1	303	LastDelay	1.56252	1.56252e+06	1	6
4.74705	0	1	303	FullDelay	1.56252	1.56252e+06	1	6
4.75639	0	1	304	LastDelay	1.56503	1.56503e+06	1	6
4.75639	0	1	304	FullDelay	1.56503	1.56503e+06	1	6
4.76981	0	1	156	LastDelay	1.5648	1.5648e+06	1	2
4.76981	0	1	156	FullDelay	2.65707	2.65707e+06	2	2
4.78004	0	1	305	LastDelay	1.58185	1.58185e+06	1	6
4.78004	0	1	305	FullDelay	1.58185	1.58185e+06	1	6
4.79055	0	1	157	LastDelay	1.57871	1.57871e+06	1	2
4.79055	0	1	157	FullDelay	2.67098	2.67098e+06	2	2
4.80643	0	1	306	LastDelay	1.58777	1.58777e+06	1	6
4.80643	0	1	306	FullDelay	1.58777	1.58777e+06	1	6
4.8155	0	1	307	LastDelay	1.59001	1.59001e+06	1	6
4.8155	0	1	307	FullDelay	1.59001	1.59001e+06	1	6
4.82963	0	1	308	LastDelay	1.59731	1.59731e+06	1	6
4.82963	0	1	308	FullDelay	1.59731	1.59731e+06	1	6
4.84052	0	1	309	LastDelay	1.60138	1.60138e+06	1	6
4.84052	0	1	309	FullDelay	1.60138	1.60138e+06	1	6
4.86186	0	1	311	LastDelay	1.60906	1.60906e+06	1	6
4.86186	0	1	311	FullDelay	1.60906	1.60906e+06	1	6
4.87792	0	1	312	LastDelay	1.61829	1.61829e+06	1	6
4.87792	0	1	312	FullDelay	1.61829	1.61829e+06	1	6
4.8929	0	1	313	LastDelay	1.62645	1.62645e+06	1	6
4.8929	0	1	313	FullDelay	1.62645	1.62645e+06	1	6
4.90316	0	1	314	LastDelay	1.62988	1.62988e+06	1	6
4.90316	0	1	314	FullDelay	1.62988	1.62988e+06	1	6
4.91335	0	1	315	LastDelay	1.63325	1.63325e+06	1	6
4.91335	0	1	315	FullDelay	1.63325	1.63325e+06	1	6
4.92258	0	1	316	LastDelay	1.63565	1.63565e+06	1	6
4.92258	0	1	316	FullDelay	1.63565	1.63565e+06	1	6
4.9341	0	1	317	LastDelay	1.64034	1.64034e+06	1	6
4.9341	0	1	317	FullDelay	1.64034	1.64034e+06	1	6
4.94758	0	1	318	LastDelay	1.647	1.647e+06	1	6
4.94758	0	1	318	FullDelay	1.647	1.647e+06	1	6
4.95853	0	1	319	LastDelay	1.65112	1.65112e+06	1	6
4.95853	0	1	319	FullDelay	1.65112	1.65112e+06	1	6
4.9766	0	1	320	LastDelay	1.66236	1.66236e+06	1	6
4.9766	0	1	320	FullDelay	1.66236	1.66236e+06	1	6
4.9858	0	1	321	LastDelay	1.66474	1.66474e+06	1	6
4.9858	0	1	321	FullDelay	1.66474	1.66474e+06	1	6
4.99487	0	1	322	LastDelay	1.66698	1.66698e+06	1	6
4.99487	0	1	322	FullDelay	1.66698	1.66698e+06	1	6
5.00552	0	1	323	LastDelay	1.6708	1.6708e+06	1	6
5.00552	0	1	323	FullDelay	1.6708	1.6708e+06	1	6
5.02879	0	1	324	LastDelay	1.68724	1.68724e+06	1	6
5.02879	0	1	324	FullDelay	1.68724	1.68724e+06	1	6
5.03785	0	1	325	LastDelay	1.68948	1.68948e+06	1	6
5.03785	0	1	325	FullDelay	1.68948	1.68948e+06	1	6
5.0478	0	1	326	LastDelay	1.68578	1.68578e+06	1	6
5.0478	0	1	326	FullDelay	1.68578	1.68578e+06	1	6
5.06156	0	1	327	LastDelay	1.6927	1.6927e+06	1	6
5.06156	0	1	327	FullDelay	1.6927	1.6927e+06	1	6
5.0708	0	1	328	LastDelay	1.69512	1.69512e+06	1	6
5.0708	0	1	328	FullDelay	1.69512	1.69512e+06	1	6
5.07989	0	1	329	LastDelay	1.69738	1.69738e+06	1	6
5.07989	0	1	329	FullDelay	1.69738	1.69738e+06	1	6
5.08996	0	1	330	LastDelay	1.70063	1.70063e+06	1	6
5.08996	0	1	330	FullDelay	1.70063	1.70063e+06	1	6
5.10535	0	1	331	LastDelay	1.70919	1.70919e+06	1	6
5.10535	0	1	331	FullDelay	1.70919	1.70919e+06	1	6
5.12517	0	1	333	LastDelay	1.71536	1.71536e+06	1	6
5.12517	0	1	333	FullDelay	1.71536	1.71536e+06	1	6
5.13886	0	1	334	LastDelay	1.72222	1.72222e+06	1	6
5.13886	0	1	334	FullDelay	1.72222	1.72222e+06	1	6
5.15704	0	1	336	LastDelay	1.72674	1.72674e+06	1	6
5.15704	0	1	336	FullDelay	1.72674	1.72674e+06	1	6
5.1675	0	1	337	LastDelay	1.73038	1.73038e+06	1	6
5.1675	0	1	337	FullDelay	1.73038	1.73038e+06	1	6
5.18192	0	1	338	LastDelay	1.73797	1.73797e+06	1	6
5.18192	0	1	338	FullDelay	1.73797	1.73797e+06	1	6
5.20214	0	1	340	LastDelay	1.74454	1.74454e+06	1	6
5.20214	0	1	340	FullDelay	1.74454	1.74454e+06	1	6
5.21383	0	1	341	LastDelay	1.74941	1.74941e+06	1	6
5.21383	0	1	341	FullDelay	1.74941	1.74941e+06	1	6
5.22341	0	1	342	LastDelay	1.75215	1.75215e+06	1	6
5.22341	0	1	342	FullDelay	1.75215	1.75215e+06	1	6
5.23748	0	1	343	LastDelay	1.7594	1.7594e+06	1	6
5.23748	0	1	343	FullDelay	1.7594	1.7594e+06	1	6
5.24771	0	1	344	LastDelay	1.7628	1.7628e+06	1	6
5.24771	0	1	344	FullDelay	1.7628	1.7628e+06	1	6
5.25957	0	1	345	LastDelay	1.76784	1.76784e+06	1	6
5.25957	0	1	345	FullDelay	1.76784	1.76784e+06	1	6
5.2688	0	1	346	LastDelay	1.77024	1.77024e+06	1	6
5.2688	0	1	346	FullDelay	1.77024	1.77024e+06	1	6
5.28337	0	1	347	LastDelay	1.77799	1.77799e+06	1	6
5.28337	0	1	347	FullDelay	1.77799	1.77799e+06	1	6
5.29283	0	1	348	LastDelay	1.78062	1.78062e+06	1	6
5.29283	0	1	348	FullDelay	1.78062	1.78062e+06	1	6
5.30304	0	1	349	LastDelay	1.784	1.784e+06	1	6
5.30304	0	1	349	FullDelay	1.784	1.784e+06	1	6
5.31498	0	1	350	LastDelay	1.78911	1.78911e+06	1	6
5.31498	0	1	350	FullDelay	1.78911	1.78911e+06	1	6
5.32493	0	1	351	LastDelay	1.79224	1.79224e+06	1	6
5.32493	0	1	351	FullDelay	1.79224	1.79224e+06	1	6
5.33617	0	1	352	LastDelay	1.79665	1.79665e+06	1	6
5.33617	0	1	352	FullDelay	1.79665	1.79665e+06	1	6
5.34923	0	1	185	LastDelay	1.79606	1.79606e+06	1	2
5.34923	0	1	185	FullDelay	3.01803	3.01803e+06	2	2
5.36104	0	1	353	LastDelay	1.81469	1.81469e+06	1	6
5.36104	0	1	353	FullDelay	1.81469	1.81469e+06	1	6
5.37097	0	1	354	LastDelay	1.81097	1.81097e+06	1	6
5.37097	0	1	354	FullDelay	1.81097	1.81097e+06	1	6
5.38128	0	1	355	LastDelay	1.81446	1.81446e+06	1	6
5.38128	0	1	355	FullDelay	1.81446	1.81446e+06	1	6
5.39063	0	1	356	LastDelay	1.81698	1.81698e+06	1	6
5.39063	0	1	356	FullDelay	1.81698	1.81698e+06	1	6
5.3998	0	1	357	LastDelay	1.81932	1.81932e+06	1	6
5.3998	0	1	357	FullDelay	1.81932	1.81932e+06	1	6
5.41093	0	1	358	LastDelay	1.82363	1.82363e+06	1	6
5.41093	0	1	358	FullDelay	1.82363	1.82363e+06	1	6
5.42082	0	1	359	LastDelay	1.82669	1.82669e+06	1	6
5.42082	0	1	359	FullDelay	1.82669	1.82669e+06	1	6
5.4318	0	1	188	LastDelay	1.83084	1.83084e+06	1	2
5.4318	0	1	188	FullDelay	3.08012	3.08012e+06	2	2
5.44421	0	1	360	LastDelay	1.83643	1.83643e+06	1	6
5.44421	0	1	360	FullDelay	1.83643	1.83643e+06	1	6
5.4596	0	1	361	LastDelay	1.84499	1.84499e+06	1	6
5.4596	0	1	361	FullDelay	1.84499	1.84499e+06	1	6
5.46872	0	1	362	LastDelay	1.84729	1.84729e+06	1	6
5.46872	0	1	362	FullDelay	1.84729	1.84729e+06	1	6
5.48004	0	1	363	LastDelay	1.85178	1.85178e+06	1	6
5.48004	0	1	363	FullDelay	1.85178	1.85178e+06	1	6
5.48959	0	1	364	LastDelay	1.8545	1.8545e+06	1	6
5.48959	0	1	364	FullDelay	1.8545	1.8545e+06	1	6
5.50163	0	1	365	LastDelay	1.85971	1.85971e+06	1	6
5.50163	0	1	365	FullDelay	1.85971	1.85971e+06	1	6
5.51169	0	1	366	LastDelay	1.86294	1.86294e+06	1	6
5.51169	0	1	366	FullDelay	1.86294	1.86294e+06	1	6
5.52268	0	1	193	LastDelay	1.86711	1.86711e+06	1	2
5.52268	0	1	193	FullDelay	3.13687	3.13687e+06	2	2
5.53412	0	1	367	LastDelay	1.87172	1.87172e+06	1	6
5.53412	0	1	367	FullDelay	1.87172	1.87172e+06	1	6
5.54603	0	1	368	LastDelay	1.8768	1.8768e+06	1	6
5.54603	0	1	368	FullDelay	1.8768	1.8768e+06	1	6
5.56648	0	1	369	LastDelay	1.89042	1.89042e+06	1	6
5.56648	0	1	369	FullDelay	1.89042	1.89042e+06	1	6
5.57554	0	1	370	LastDelay	1.89266	1.89266e+06	1	6
5.57554	0	1	370	FullDelay	1.89266	1.89266e+06	1	6
5.58585	0	1	371	LastDelay	1.89615	1.89615e+06	1	6
5.58585	0	1	371	FullDelay	1.89615	1.89615e+06	1	6
5.595	0	1	372	LastDelay	1.89846	1.89846e+06	1	6
5.595	0	1	372	FullDelay	1.89846	1.89846e+06	1	6
5.60412	0	1	373	LastDelay	1.90076	1.90076e+06	1	6
5.60412	0	1	373	FullDelay	1.90076	1.90076e+06	1	6
5.61435	0	1	374	LastDelay	1.90417	1.90417e+06	1	6
5.61435	0	1	374	FullDelay	1.90417	1.90417e+06	1	6
5.62749	0	1	375	LastDelay	1.91047	1.91047e+06	1	6
5.62749	0	1	375	FullDelay	1.91047	1.91047e+06	1	6
5.63659	0	1	376	LastDelay	1.91275	1.91275e+06	1	6
5.63659	0	1	376	FullDelay	1.91275	1.91275e+06	1	6
5.64771	0	1	377	LastDelay	1.91704	1.91704e+06	1	6
5.64771	0	1	377	FullDelay	1.91704	1.91704e+06	1	6
5.66034	0	1	378	LastDelay	1.92284	1.92284e+06	1	6
5.66034	0	1	378	FullDelay	1.92284	1.92284e+06	1	6
5.67094	0	1	379	LastDelay	1.92662	1.92662e+06	1	6
5.67094	0	1	379	FullDelay	1.92662	1.92662e+06	1	6
5.69394	0	1	381	LastDelay	1.93597	1.93597e+06	1	6
5.69394	0	1	381	FullDelay	1.93597	1.93597e+06	1	6
5.70346	0	1	382	LastDelay	1.93866	1.93866e+06	1	6
5.70346	0	1	382	FullDelay	1.93866	1.93866e+06	1	6
5.71596	0	1	383	LastDelay	1.94433	1.94433e+06	1	6
5.71596	0	1	383	FullDelay	1.94433	1.94433e+06	1	6
5.7279	0	1	384	LastDelay	1.94945	1.94945e+06	1	6
5.7279	0	1	384	FullDelay	1.94945	1.94945e+06	1	6
5.74167	0	1	385	LastDelay	1.95639	1.95639e+06	1	6
5.74167	0	1	385	FullDelay	1.95639	1.95639e+06	1	6
5.75174	0	1	386	LastDelay	1.95963	1.95963e+06	1	6
5.75174	0	1	386	FullDelay	1.95963	1.95963e+06	1	6
5.77544	0	1	388	LastDelay	1.96968	1.96968e+06	1	6
5.77544	0	1	388	FullDelay	1.96968	1.96968e+06	1	6
5.78744	0	1	389	LastDelay	1.97485	1.97485e+06	1	6
5.78744	0	1	389	FullDelay	1.97485	1.97485e+06	1	6
5.79756	0	1	390	LastDelay	1.97815	1.97815e+06	1	6
5.79756	0	1	390	FullDelay	1.97815	1.97815e+06	1	6
5.80882	0	1	391	LastDelay	1.98259	1.98259e+06	1	6
5.80882	0	1	391	FullDelay	1.98259	1.98259e+06	1	6
5.81968	0	1	392	LastDelay	1.98662	1.98662e+06	1	6
5.81968	0	1	392	FullDelay	1.98662	1.98662e+06	1	6
5.83155	0	1	393	LastDelay	1.99166	1.99166e+06	1	6
5.83155	0	1	393	FullDelay	1.99166	1.99166e+06	1	6
5.84584	0	1	208	LastDelay	1.9923	1.9923e+06	1	2
5.84584	0	1	208	FullDelay	3.3508	3.3508e+06	2	2
11.2055	0	1	1444	LastDelay	0.0474181	47418.1	1	6
11.2055	0	1	1444	FullDelay	0.0474181	47418.1	1	6
11.2377	0	1	1445	LastDelay	0.0728024	72802.4	1	6
11.2377	0	1	1445	FullDelay	0.0728024	72802.4	1	6
11.2581	0	1	1446	LastDelay	0.0863752	86375.2	1	6
11.2581	0	1	1446	FullDelay	0.0863752	86375.2	1	6
11.2706	0	1	1447	LastDelay	0.0920216	92021.6	1	6
11.2706	0	1	1447	FullDelay	0.0920216	92021.6	1	6
11.3013	0	1	1448	LastDelay	0.115925	115925	1	6
11.3013	0	1	1448	FullDelay	0.115925	115925	1	6
11.3266	0	1	1449	LastDelay	0.134363	134363	1	6
11.3266	0	1	1449	FullDelay	0.134363	134363	1	6
11.3468	0	1	1450	LastDelay	0.147728	147728	1	6
11.3468	0	1	1450	FullDelay	0.147728	147728	1	6
11.3628	0	1	1451	LastDelay	0.156942	156942	1	6
11.3628	0	1	1451	FullDelay	0.156942	156942	1	6
11.3745	0	1	1452	LastDelay	0.161824	161824	1	6
11.3745	0	1	1452	FullDelay	0.161824	161824	1	6
11.4276	0	1	1454	LastDelay	0.201243	201243	1	6
11.4276	0	1	1454	FullDelay	0.201243	201243	1	6
11.4475	0	1	1455	LastDelay	0.214374	214374	1	6
11.4475	0	1	1455	FullDelay	0.214374	214374	1	6
11.4877	0	1	1456	LastDelay	0.247677	247677	1	6
11.4877	0	1	1456	FullDelay	0.247677	247677	1	6
11.4968	0	1	1457	LastDelay	0.249976	249976	1	6
11.4968	0	1	1457	FullDelay	0.249976	249976	1	6
11.5079	0	1	168	LastDelay	0.254238	254238	1	4
11.5079	0	1	168	FullDelay	9.31322	9.31322e+06	4	4
11.555	0	1	218	LastDelay	0.287743	287743	1	4
11.555	0	1	218	FullDelay	8.99174	8.99174e+06	3	4
11.5733	0	1	223	LastDelay	0.299181	299181	1	4
11.5733	0	1	223	FullDelay	8.97587	8.97587e+06	3	4
11.5875	0	1	226	LastDelay	0.306508	306508	1	4
11.5875	0	1	226	FullDelay	8.96955	8.96955e+06	3	4
11.6017	0	1	230	LastDelay	0.313882	313882	1	4
11.6017	0	1	230	FullDelay	8.95644	8.95644e+06	3	4
11.6312	0	1	235	LastDelay	0.336565	336565	1	4
11.6312	0	1	235	FullDelay	8.95182	8.95182e+06	3	4
11.6634	0	1	240	LastDelay	0.361955	361955	1	4
11.6634	0	1	240	FullDelay	8.93625	8.93625e+06	3	4
11.6861	0	1	245	LastDelay	0.377881	377881	1	4
11.6861	0	1	245	FullDelay	8.92487	8.92487e+06	3	4
11.7078	0	1	254	LastDelay	0.392699	392699	1	4
11.7078	0	1	254	FullDelay	8.88507	8.88507e+06	3	4
11.7361	0	1	258	LastDelay	0.414177	414177	1	4
11.7361	0	1	258	FullDelay	8.88607	8.88607e+06	3	4
11.7586	0	1	264	LastDelay	0.429871	429871	1	4
11.7586	0	1	264	FullDelay	8.86763	8.86763e+06	3	4
11.7823	0	1	279	LastDelay	0.43991	439910	1	4
11.7823	0	1	279	FullDelay	8.7821	8.7821e+06	3	4
11.8215	0	1	332	LastDelay	0.465464	465464	1	4
11.8215	0	1	332	FullDelay	8.41853	8.41853e+06	3	4
11.8326	0	1	335	LastDelay	0.469763	469763	1	4
11.8326	0	1	335	FullDelay	8.40918	8.40918e+06	3	4
11.8558	0	1	339	LastDelay	0.486121	486121	1	4
11.8558	0	1	339	FullDelay	8.40505	8.40505e+06	3	4
11.8759	0	1	380	LastDelay	0.499363	499363	1	4
11.8759	0	1	380	FullDelay	8.12475	8.12475e+06	3	4
11.8907	0	1	394	LastDelay	0.507335	507335	1	4
11.8907	0	1	394	FullDelay	8.04397	8.04397e+06	2	4
11.9088	0	1	395	LastDelay	0.518609	518609	1	4
11.9088	0	1	395	FullDelay	8.04842	8.04842e+06	2	4
11.9179	0	1	396	LastDelay	0.520889	520889	1	4
11.9179	0	1	396	FullDelay	8.0507	8.0507e+06	2	4
11.9292	0	1	397	LastDelay	0.525361	525361	1	4
11.9292	0	1	397	FullDelay	8.05517	8.05517e+06	2	4
11.9399	0	1	398	LastDelay	0.529265	529265	1	4
11.9399	0	1	398	FullDelay	8.05908	8.05908e+06	2	4
11.9606	0	1	399	LastDelay	0.543103	543103	1	4
11.9606	0	1	399	FullDelay	8.07292	8.07292e+06	2	4
11.9722	0	1	400	LastDelay	0.547838	547838	1	4
11.9722	0	1	400	FullDelay	8.07765	8.07765e+06	2	4
12.003	0	1	401	LastDelay	0.571819	571819	1	4
12.003	0	1	401	FullDelay	8.0948	8.0948e+06	2	4
12.0138	0	1	402	LastDelay	0.575854	575854	1	4
12.0138	0	1	402	FullDelay	8.09884	8.09884e+06	2	4
12.0365	0	1	403	LastDelay	0.591655	591655	1	4
12.0365	0	1	403	FullDelay	8.11464	8.11464e+06	2	4
12.0687	0	1	387	LastDelay	0.617117	617117	1	4
12.0687	0	1	387	FullDelay	8.26981	8.26981e+06	3	4
12.1088	0	1	404	LastDelay	0.650324	650324	1	4
12.1088	0	1	404	FullDelay	8.18014	8.18014e+06	2	4
12.1288	0	1	405	LastDelay	0.663507	663507	1	4
12.1288	0	1	405	FullDelay	8.19332	8.19332e+06	2	4
12.1638	0	1	406	LastDelay	0.691691	691691	1	4
12.1638	0	1	406	FullDelay	8.2215	8.2215e+06	2	4
12.2141	0	1	409	LastDelay	0.721499	721499	1	4
12.2141	0	1	409	FullDelay	8.24448	8.24448e+06	2	4
12.2718	0	1	411	LastDelay	0.765553	765553	1	4
12.2718	0	1	411	FullDelay	8.28854	8.28854e+06	2	4
12.2951	0	1	412	LastDelay	0.78201	782010	1	4
12.2951	0	1	412	FullDelay	8.305	8.305e+06	2	4
12.32	0	1	413	LastDelay	0.800133	800133	1	4
12.32	0	1	413	FullDelay	8.32312	8.32312e+06	2	4
12.3394	0	1	414	LastDelay	0.812693	812693	1	4
12.3394	0	1	414	FullDelay	8.32885	8.32885e+06	2	4
12.3742	0	1	415	LastDelay	0.840664	840664	1	4
12.3742	0	1	415	FullDelay	8.35682	8.35682e+06	2	4
12.3833	0	1	416	LastDelay	0.842924	842924	1	4
12.3833	0	1	416	FullDelay	8.35908	8.35908e+06	2	4
12.4071	0	1	417	LastDelay	0.859878	859878	1	4
12.4071	0	1	417	FullDelay	8.37604	8.37604e+06	2	4
12.446	0	1	418	LastDelay	0.892017	892017	1	4
12.446	0	1	418	FullDelay	8.40818	8.40818e+06	2	4
12.4589	0	1	419	LastDelay	0.898004	898004	1	4
12.4589	0	1	419	FullDelay	8.41416	8.41416e+06	2	4
12.4719	0	1	420	LastDelay	0.904203	904203	1	4
12.4719	0	1	420	FullDelay	8.42036	8.42036e+06	2	4
12.4994	0	1	421	LastDelay	0.924915	924915	1	4
12.4994	0	1	421	FullDelay	8.44107	8.44107e+06	2	4
12.5111	0	1	422	LastDelay	0.929757	929757	1	4
12.5111	0	1	422	FullDelay	8.44592	8.44592e+06	2	4
12.537	0	1	423	LastDelay	0.948857	948857	1	4
12.537	0	1	423	FullDelay	8.46502	8.46502e+06	2	4
12.5461	0	1	424	LastDelay	0.951096	951096	1	4
12.5461	0	1	424	FullDelay	8.46726	8.46726e+06	2	4
12.5729	0	1	425	LastDelay	0.971121	971121	1	4
12.5729	0	1	425	FullDelay	8.48728	8.48728e+06	2	4
12.6181	0	1	427	LastDelay	1.00267	1.00267e+06	1	4
12.6181	0	1	427	FullDelay	8.51883	8.51883e+06	2	4
12.6381	0	1	428	LastDelay	1.01579	1.01579e+06	1	4
12.6381	0	1	428	FullDelay	8.52512	8.52512e+06	2	4
12.6489	0	1	429	LastDelay	1.01973	1.01973e+06	1	4
12.6489	0	1	429	FullDelay	8.52907	8.52907e+06	2	4
12.6936	0	1	430	LastDelay	1.05767	1.05767e+06	1	4
12.6936	0	1	430	FullDelay	8.567	8.567e+06	2	4
12.7574	0	1	433	LastDelay	1.10093	1.10093e+06	1	4
12.7574	0	1	433	FullDelay	8.61026	8.61026e+06	2	4
12.7783	0	1	434	LastDelay	1.11502	1.11502e+06	1	4
12.7783	0	1	434	FullDelay	8.6107	8.6107e+06	2	4
12.8292	0	1	437	LastDelay	1.14547	1.14547e+06	1	4
12.8292	0	1	437	FullDelay	8.64115	8.64115e+06	2	4
12.861	0	1	438	LastDelay	1.17046	1.17046e+06	1	4
12.861	0	1	438	FullDelay	8.66614	8.66614e+06	2	4
12.8709	0	1	439	LastDelay	1.17347	1.17347e+06	1	4
12.8709	0	1	439	FullDelay	8.66915	8.66915e+06	2	4
12.9011	0	1	441	LastDelay	1.19004	1.19004e+06	1	4
12.9011	0	1	441	FullDelay	8.68572	8.68572e+06	2	4
12.9112	0	1	442	LastDelay	1.19336	1.19336e+06	1	4
12.9112	0	1	442	FullDelay	8.68904	8.68904e+06	2	4
12.9213	0	1	443	LastDelay	1.19657	1.19657e+06	1	4
12.9213	0	1	443	FullDelay	8.69225	8.69225e+06	2	4
12.9395	0	1	444	LastDelay	1.20796	1.20796e+06	1	4
12.9395	0	1	444	FullDelay	8.70364	8.70364e+06	2	4
13.004	0	1	445	LastDelay	1.26561	1.26561e+06	1	4
13.004	0	1	445	FullDelay	8.76129	8.76129e+06	2	4
13.0131	0	1	446	LastDelay	1.26791	1.26791e+06	1	4
13.0131	0	1	446	FullDelay	8.76359	8.76359e+06	2	4
13.0376	0	1	447	LastDelay	1.28555	1.28555e+06	1	4
13.0376	0	1	447	FullDelay	8.77441	8.77441e+06	2	4
13.0741	0	1	448	LastDelay	1.31532	1.31532e+06	1	4
13.0741	0	1	448	FullDelay	8.80417	8.80417e+06	2	4
13.1036	0	1	449	LastDelay	1.33799	1.33799e+06	1	4
13.1036	0	1	449	FullDelay	8.82685	8.82685e+06	2	4
13.1481	0	1	450	LastDelay	1.37567	1.37567e+06	1	4
13.1481	0	1	450	FullDelay	8.86452	8.86452e+06	2	4
13.1724	0	1	451	LastDelay	1.39312	1.39312e+06	1	4
13.1724	0	1	451	FullDelay	8.88197	8.88197e+06	2	4
13.1923	0	1	452	LastDelay	1.40622	1.40622e+06	1	4
13.1923	0	1	452	FullDelay	8.89507	8.89507e+06	2	4
13.2024	0	1	453	LastDelay	1.40942	1.40942e+06	1	4
13.2024	0	1	453	FullDelay	8.89828	8.89828e+06	2	4
13.2258	0	1	454	LastDelay	1.42604	1.42604e+06	1	4
13.2258	0	1	454	FullDelay	8.91489	8.91489e+06	2	4
13.2488	0	1	456	LastDelay	1.43537	1.43537e+06	1	4
13.2488	0	1	456	FullDelay	8.92422	8.92422e+06	2	4
13.2805	0	1	458	LastDelay	1.45336	1.45336e+06	1	4
13.2805	0	1	458	FullDelay	8.94221	8.94221e+06	2	4
13.3024	0	1	459	LastDelay	1.46843	1.46843e+06	1	4
13.3024	0	1	459	FullDelay	8.95729	8.95729e+06	2	4
13.3287	0	1	460	LastDelay	1.48798	1.48798e+06	1	4
13.3287	0	1	460	FullDelay	8.97001	8.97001e+06	2	4
13.3387	0	1	461	LastDelay	1.49111	1.49111e+06	1	4
13.3387	0	1	461	FullDelay	8.97314	8.97314e+06	2	4
13.3579	0	1	462	LastDelay	1.50346	1.50346e+06	1	4
13.3579	0	1	462	FullDelay	8.98549	8.98549e+06	2	4
13.3778	0	1	463	LastDelay	1.51659	1.51659e+06	1	4
13.3778	0	1	463	FullDelay	8.99862	8.99862e+06	2	4
13.4277	0	1	464	LastDelay	1.55969	1.55969e+06	1	4
13.4277	0	1	464	FullDelay	9.04171	9.04171e+06	2	4
13.486	0	1	466	LastDelay	1.60427	1.60427e+06	1	4
13.486	0	1	466	FullDelay	9.0863	9.0863e+06	2	4
13.496	0	1	467	LastDelay	1.60744	1.60744e+06	1	4
13.496	0	1	467	FullDelay	9.07581	9.07581e+06	2	4
13.5176	0	1	468	LastDelay	1.62221	1.62221e+06	1	4
13.5176	0	1	468	FullDelay	9.09058	9.09058e+06	2	4
13.5408	0	1	470	LastDelay	1.63174	1.63174e+06	1	4
13.5408	0	1	470	FullDelay	9.10011	9.10011e+06	2	4
13.5727	0	1	471	LastDelay	1.65683	1.65683e+06	1	4
13.5727	0	1	471	FullDelay	9.12521	9.12521e+06	2	4
13.5923	0	1	472	LastDelay	1.66964	1.66964e+06	1	4
13.5923	0	1	472	FullDelay	9.13119	9.13119e+06	2	4
13.6024	0	1	473	LastDelay	1.67289	1.67289e+06	1	4
13.6024	0	1	473	FullDelay	9.13443	9.13443e+06	2	4
13.6239	0	1	474	LastDelay	1.68755	1.68755e+06	1	4
13.6239	0	1	474	FullDelay	9.1491	9.1491e+06	2	4
13.6437	0	1	475	LastDelay	1.70053	1.70053e+06	1	4
13.6437	0	1	475	FullDelay	9.16208	9.16208e+06	2	4
13.6642	0	1	476	LastDelay	1.71419	1.71419e+06	1	4
13.6642	0	1	476	FullDelay	9.17573	9.17573e+06	2	4
13.6873	0	1	477	LastDelay	1.73054	1.73054e+06	1	4
13.6873	0	1	477	FullDelay	9.19209	9.19209e+06	2	4
13.6973	0	1	478	LastDelay	1.73367	1.73367e+06	1	4
13.6973	0	1	478	FullDelay	9.19521	9.19521e+06	2	4
13.7174	0	1	479	LastDelay	1.74696	1.74696e+06	1	4
13.7174	0	1	479	FullDelay	9.20851	9.20851e+06	2	4
13.7477	0	1	480	LastDelay	1.77041	1.77041e+06	1	4
13.7477	0	1	480	FullDelay	9.23196	9.23196e+06	2	4
13.7596	0	1	481	LastDelay	1.77547	1.77547e+06	1	4
13.7596	0	1	481	FullDelay	9.23702	9.23702e+06	2	4
13.7819	0	1	482	LastDelay	1.79094	1.79094e+06	1	4
13.7819	0	1	482	FullDelay	9.25249	9.25249e+06	2	4
13.8102	0	1	484	LastDelay	1.80557	1.80557e+06	1	4
13.8102	0	1	484	FullDelay	9.26712	9.26712e+06	2	4
13.8302	0	1	485	LastDelay	1.81877	1.81877e+06	1	4
13.8302	0	1	485	FullDelay	9.28032	9.28032e+06	2	4
13.883	0	1	487	LastDelay	1.85791	1.85791e+06	1	4
13.883	0	1	487	FullDelay	9.31945	9.31945e+06	2	4
13.892	0	1	488	LastDelay	1.86015	1.86015e+06	1	4
13.892	0	1	488	FullDelay	9.32169	9.32169e+06	2	4
13.9112	0	1	489	LastDelay	1.87246	1.87246e+06	1	4
13.9112	0	1	489	FullDelay	9.33401	9.33401e+06	2	4
13.9228	0	1	490	LastDelay	1.87729	1.87729e+06	1	4
13.9228	0	1	490	FullDelay	9.33884	9.33884e+06	2	4
13.9436	0	1	491	LastDelay	1.89122	1.89122e+06	1	4
13.9436	0	1	491	FullDelay	9.35276	9.35276e+06	2	4
13.9545	0	1	492	LastDelay	1.89535	1.89535e+06	1	4
13.9545	0	1	492	FullDelay	9.35689	9.35689e+06	2	4
13.9859	0	1	493	LastDelay	1.91992	1.91992e+06	1	4
13.9859	0	1	493	FullDelay	9.38147	9.38147e+06	2	4
14.0086	0	1	494	LastDelay	1.93573	1.93573e+06	1	4
14.0086	0	1	494	FullDelay	9.39728	9.39728e+06	2	4
14.0295	0	1	495	LastDelay	1.94978	1.94978e+06	1	4
14.0295	0	1	495	FullDelay	9.41132	9.41132e+06	2	4
14.0487	0	1	496	LastDelay	1.96221	1.96221e+06	1	4
14.0487	0	1	496	FullDelay	9.42376	9.42376e+06	2	4
14.0784	0	1	497	LastDelay	1.98507	1.98507e+06	1	4
14.0784	0	1	497	FullDelay	9.44662	9.44662e+06	2	4
14.0891	0	1	498	LastDelay	1.98898	1.98898e+06	1	4
14.0891	0	1	498	FullDelay	9.45053	9.45053e+06	2	4
19.413	0	1	1887	LastDelay	0.0356221	35622.1	1	6
19.413	0	1	1887	FullDelay	0.0356221	35622.1	1	6
19.4262	0	1	1888	LastDelay	0.0419545	41954.5	1	6
19.4262	0	1	1888	FullDelay	0.0419545	41954.5	1	6
19.4611	0	1	1889	LastDelay	0.0700261	70026.1	1	6
19.4611	0	1	1889	FullDelay	0.0700261	70026.1	1	6
19.4702	0	1	1890	LastDelay	0.0723055	72305.5	1	6
19.4702	0	1	1890	FullDelay	0.0723055	72305.5	1	6
19.4978	0	1	1891	LastDelay	0.0930776	93077.6	1	6
19.4978	0	1	1891	FullDelay	0.0930776	93077.6	1	6
19.5099	0	1	1892	LastDelay	0.0983702	98370.2	1	6
19.5099	0	1	1892	FullDelay	0.0983702	98370.2	1	6
19.5309	0	1	1893	LastDelay	0.112594	112594	1	6
19.5309	0	1	1893	FullDelay	0.112594	112594	1	6
19.5753	0	1	1895	LastDelay	0.143309	143309	1	6
19.5753	0	1	1895	FullDelay	0.143309	143309	1	6
19.6095	0	1	1896	LastDelay	0.170684	170684	1	6
19.6095	0	1	1896	FullDelay	0.170684	170684	1	6
19.6326	0	1	1897	LastDelay	0.186989	186989	1	6
19.6326	0	1	1897	FullDelay	0.186989	186989	1	6
19.69	0	1	276	LastDelay	0.230723	230723	1	6
19.69	0	1	276	FullDelay	16.7103	1.67103e+07	4	6
19.703	0	1	310	LastDelay	0.236877	236877	1	6
19.703	0	1	310	FullDelay	16.457	1.6457e+07	4	6
19.7232	0	1	408	LastDelay	0.243409	243409	1	6
19.7232	0	1	408	FullDelay	15.7604	1.57604e+07	3	6
19.7323	0	1	410	LastDelay	0.245648	245648	1	6
19.7323	0	1	410	FullDelay	15.7558	1.57558e+07	3	6
19.7508	0	1	426	LastDelay	0.257365	257365	1	6
19.7508	0	1	426	FullDelay	15.6583	1.56583e+07	3	6
19.7793	0	1	431	LastDelay	0.279065	279065	1	6
19.7793	0	1	431	FullDelay	15.6459	1.56459e+07	3	6
19.8208	0	1	432	LastDelay	0.313714	313714	1	6
19.8208	0	1	432	FullDelay	15.6805	1.56805e+07	3	6
19.841	0	1	435	LastDelay	0.327113	327113	1	6
19.841	0	1	435	FullDelay	15.6666	1.56666e+07	3	6
19.8615	0	1	436	LastDelay	0.340792	340792	1	6
19.8615	0	1	436	FullDelay	15.6803	1.56803e+07	3	6
19.886	0	1	440	LastDelay	0.358443	358443	1	6
19.886	0	1	440	FullDelay	15.6775	1.56775e+07	3	6
19.9098	0	1	455	LastDelay	0.3754	375400	1	6
19.9098	0	1	455	FullDelay	15.592	1.5592e+07	3	6
19.9315	0	1	457	LastDelay	0.390272	390272	1	6
19.9315	0	1	457	FullDelay	15.6001	1.56001e+07	3	6
19.9683	0	1	465	LastDelay	0.420279	420279	1	6
19.9683	0	1	465	FullDelay	15.5755	1.55755e+07	3	6
19.9901	0	1	469	LastDelay	0.435204	435204	1	6
19.9901	0	1	469	FullDelay	15.5563	1.55563e+07	3	6
20	0	1	483	LastDelay	0.43833	438330	1	6
20	0	1	483	FullDelay	15.4638	1.54638e+07	3	6
20.0215	0	1	486	LastDelay	0.452945	452945	1	6
20.0215	0	1	486	FullDelay	15.4648	1.54648e+07	3	6
20.0322	0	1	499	LastDelay	0.456877	456877	1	6
20.0322	0	1	499	FullDelay	15.3868	1.53868e+07	3	6
20.0543	0	1	500	LastDelay	0.472116	472116	1	6
20.0543	0	1	500	FullDelay	15.3884	1.53884e+07	3	6
20.1259	0	1	503	LastDelay	0.523242	523242	1	6
20.1259	0	1	503	FullDelay	15.4395	1.54395e+07	3	6
20.1925	0	1	505	LastDelay	0.576169	576169	1	6
20.1925	0	1	505	FullDelay	15.4924	1.54924e+07	3	6
20.2779	0	1	508	LastDelay	0.641136	641136	1	6
20.2779	0	1	508	FullDelay	15.5574	1.55574e+07	3	6
20.2908	0	1	509	LastDelay	0.647168	647168	1	6
20.2908	0	1	509	FullDelay	15.5634	1.55634e+07	3	6
20.3067	0	1	510	LastDelay	0.656243	656243	1	6
20.3067	0	1	510	FullDelay	15.5725	1.55725e+07	3	6
20.3195	0	1	511	LastDelay	0.662263	662263	1	6
20.3195	0	1	511	FullDelay	15.5785	1.55785e+07	3	6
20.3406	0	1	512	LastDelay	0.676448	676448	1	6
20.3406	0	1	512	FullDelay	15.5927	1.55927e+07	3	6
20.361	0	1	513	LastDelay	0.690039	690039	1	6
20.361	0	1	513	FullDelay	15.6063	1.56063e+07	3	6
20.4291	0	1	514	LastDelay	0.75136	751360	1	6
20.4291	0	1	514	FullDelay	15.6676	1.56676e+07	3	6
20.4382	0	1	515	LastDelay	0.753639	753639	1	6
20.4382	0	1	515	FullDelay	15.6699	1.56699e+07	3	6
20.4486	0	1	516	LastDelay	0.757228	757228	1	6
20.4486	0	1	516	FullDelay	15.6735	1.56735e+07	3	6
20.4589	0	1	517	LastDelay	0.76065	760650	1	6
20.4589	0	1	517	FullDelay	15.6769	1.56769e+07	3	6
20.4846	0	1	519	LastDelay	0.772701	772701	1	6
20.4846	0	1	519	FullDelay	15.689	1.5689e+07	3	6
20.5066	0	1	521	LastDelay	0.781041	781041	1	6
20.5066	0	1	521	FullDelay	15.6973	1.56973e+07	3	6
20.52	0	1	522	LastDelay	0.787597	787597	1	6
20.52	0	1	522	FullDelay	15.7039	1.57039e+07	3	6
20.5291	0	1	523	LastDelay	0.789916	789916	1	6
20.5291	0	1	523	FullDelay	15.7062	1.57062e+07	3	6
20.5445	0	1	524	LastDelay	0.798435	798435	1	6
20.5445	0	1	524	FullDelay	15.7147	1.57147e+07	3	6
20.5536	0	1	525	LastDelay	0.800734	800734	1	6
20.5536	0	1	525	FullDelay	15.717	1.5717e+07	3	6
20.568	0	1	526	LastDelay	0.808281	808281	1	6
20.568	0	1	526	FullDelay	15.7245	1.57245e+07	3	6
20.581	0	1	527	LastDelay	0.814469	814469	1	6
20.581	0	1	527	FullDelay	15.7307	1.57307e+07	3	6
20.594	0	1	528	LastDelay	0.820633	820633	1	6
20.594	0	1	528	FullDelay	15.7369	1.57369e+07	3	6
